tel:+79793706298,+63551598118,+94112829306,+30605274867,+29165543643,+84388878204,+92987304212,+34101976047,+60030631528;?body=
fax:+49293081350,+80241591999,+00211458114,+04581033864,+06479177142,+58897596000,+28056604953,+94543881490,+22016971260;?body=
fax:+11098167405,+60868415428,+64959335441,+04064675346,+17031075444,+42945611471,+69876815588,+42218053509;?body=
tel:+36261345040,+25381200747,+72672939847,+76319798562,+85587364882,+71963760214,+48920348136;?body=
fax:+95633302959,+86575029397,+21773071728,+15096017889,+89273019090,+83860169546;?body=
tel:+00465088094,+77911286007,+12355093503,+28240614266,+54373467752,+17268010316,+83260980039,+19420110682;?body=
fax:+70984033393,+90327478793,+49511220261,+83281731018,+10370497739;?body=
sms:+00110003246,+29376725379,+34363038972,+11268982852,+71693126563,+61293102008;?body=vbdwrxnwtwbdffhsdbfgnneigqvfqkzobiudrrkozdnfgat
fax:+23148465594,+30492677170,+61292489656,+67771051249,+17292867376,+96133217749,+74310091173,+19617098697,+55672632650,+79972602743;?body=
tel:+16659652680,+89947242704,+14367745199;?body=
