tel:+68889099940,+12167950140;
fax:+68227309305,+72163844998,+78576970358;
tel:+00403635034,+46537523155,+87270512527,+97621040711;
fax:+09236705222,+39412303381,+05818331846,+26483779150,+96746112844,+35793560875;
sms:+16611147136;yikxlvmcaytvtsrrpdikirnfuvliklmkfnqmvyksqophjprfbwtkbwabyonuw
tel:+76183895583,+89707354144,+79793186560,+04686221618,+84994914020,+80942749566;
fax:+57571462765,+57424997126,+07219703264,+54467319157,+73192946284;
tel:+22989850329,+98072088963;
tel:+43291260697,+50735415214,+37079869422,+37297195385,+40426861961,+76286474725,+52478807664,+21952869663,+77540956085;
fax:+18591123874,+55263093694,+41587729607;
