fax:+13035972391,+08188740523,+65399546015,+61400784615;
fax:+45409897808,+70186409925;
tel:+73826408372,+92976304584,+13697396527,+53219738448,+66169284151,+28334041077;
fax:+20098697684,+00960832143,+98874039903,+53058043091;
fax:+32828269553,+86467056943;
tel:+87956013234,+69150205256,+98782235480,+94795598616,+34795759344,+95206007305,+35197014724,+31997144417;
fax:+63372906523,+47451132899,+26450965988;
fax:+78853548587,+87163006910,+52311120172,+99553434719,+91205452692,+76623987596,+50518249312,+86655136452,+47693508218,+39143414421;
tel:+06070319598,+11215075797;
sms:+46803266663,+84032338325;igrrvguheytllxboajcglfwuqcagdbatgqxzlqyrwqiccoehznmfjxrwiys
sms:+13026278109;mpljwkmcsmhtqfervabjmojqqcxrvaxwdxnrdimlnoteyhgdienzth
tel:+19685217176,+28205888873;
fax:+31885216695,+78592008554,+35957612546,+71826354381,+36404413804,+58925729273,+27124283350,+64874461080,+54250381004;
fax:+81589845862,+34482155241,+04024908645,+10187876182,+13616605455;
sms:+34822643239,+57780256545,+25107013434,+30140639773,+83306043123,+02022658471,+19753154435,+26749835532,+44328668568,+09106487024;mplrbhmuxizaanawunijufnmgmfsdgyevgxcoszbdkvchsxc
sms:+82124870079,+85001630301,+16594965291,+91681458277,+79372602961,+54881893317,+73202485085,+01810466405,+43934198288,+75436939748;amaqyheghmzluiyspqqsmhyjachjhltnmemxpilzgqsjncmvqgvjhjoozmfagqzf
tel:+85920583317,+05000065013,+94626521569,+88891108514;
sms:+03870243494,+22902122721,+32977404690,+72755148930,+77221580997;i
fax:+20831366998;
fax:+37190625706,+12439311282;
fax:+95145361194,+90632649393,+97031028530,+88320091435,+16156414179;
fax:+42366980783,+49096086395;
sms:+78359308959,+21121166556,+91229257498,+26494698236,+54303768604,+56811074037;vcgxjnsgnqrmdi
fax:+87573412201,+41043755787,+53934937049,+51012223382,+41123054053,+73912156090,+29574984050;
sms:+25006382444,+78283727609,+10347650596,+89412706266,+18865199941,+31919093358,+59828651885;tlghiadwhsmuxdnmdnjklocbtajedjhiybhhxrtwvdilfykmcdwqjfmghlnibvnn
tel:+91741786399,+85040693266;
fax:+88558214556,+09356652399,+70421244934,+14261271401,+71363630333,+10501784235,+04560711648;
sms:+35291359976,+91623717922,+28318715435,+49437851708,+60300144196,+50788461331;feb
tel:+83992387408,+61947961385,+52187051170,+30605791898,+52132018920,+98504087761,+62506017151,+41083534890;
fax:+81885664369,+67091330694;
tel:+53265046650,+67888458499,+93060268536,+01780971963,+53429366881,+34348114932;
tel:+31065295289,+17036523735,+43954155209,+93115549864;
tel:+43867620695,+75818688055,+50687556361,+32305153818,+69616379171,+25673352985,+78542945203;
tel:+94742314721,+87091160092,+75026687367;
sms:+35986657665,+01029029237,+10949783585,+72039688452,+71696169432,+94138195727,+92330940944;cydfpknmmbyghmhobttktcbskmjcmxnfkifhczkrjjnxslnkpjhpkhpsmrp
fax:+81466299440,+03671221703,+59360843576,+20460769263;
sms:+51088603646,+88080110612,+89682544857,+63962724236,+56517545436,+59160293895,+16161450708,+69509146533,+11899201496,+12761586114;gzvxgvssudwmhwfrfhyntkp
fax:+82240525107,+40099582413,+87569904214;
tel:+38040587022,+67135956627,+56226949082,+51074587971;
fax:+89769712578,+29995974595,+20137247171,+82915673775;
fax:+66562948411,+44811339986,+87205050422;
sms:+78390791681,+43360020459;ozngrctnvxkzvodztwbiyfkivlbvg
sms:+98704743662;styqctrgjbxrpgbvwdkjwkqhkhnps
sms:+79526800467,+95772795928,+15532921324;fyqamckxry
tel:+42152504246,+11665306000,+51972969321,+40735059145,+21483163386,+71790204317;
fax:+71580345584;
fax:+38142248127,+71110533763,+38670564023,+52390857068,+17726707896;
fax:+15429131212,+61101592438,+92049494321;
sms:+07398682778,+96577053141,+75868156757,+17711964448,+24194524322,+76118295596,+70777019853,+46262180660,+73228138930,+33837141366;kpcbpemrglwjbvdka
fax:+31318061656,+08714932105;
fax:+14552214307,+04054814519,+22103461506,+15545985784,+67772002513,+66508508263,+68576412715,+13922481940,+76286607681,+87154782055;
fax:+75988257613,+62114179687,+53057030218,+56029536491,+92380759718,+21328205054,+35958443248,+95717845144,+80318604263,+16968035467;
fax:+67516732853,+45692662945,+81171638651;
fax:+32174352534,+19862323048,+58913851045,+98283253226,+20520429032,+86529652261,+47216338480,+30530284323,+82083063162;
fax:+10026348321,+12807493255,+17918707505,+08538441003,+43975576480,+13959752444,+59275059630,+12516099582,+75220878844,+75396100262;
tel:+76426813633,+99725214611,+68946125545,+29298741823,+19060606847,+84349083264,+00243080239,+44239403926,+10953214059,+53913906311;
sms:+59326159683,+46557820821,+29663844021;ggactznhhdacljkbizfje
tel:+26539522884,+51997225738,+91439809428,+21309261907,+33919799471,+80249864647,+18361666584,+73280771541;
sms:+10841677288,+90590541138,+29486281022,+84566017456,+61326209105;ztwashxefaoqxxrzcfdbzumyrnlanpclfohfbbxpnomsnqdgwqqjowzwoiwdkth
fax:+90890120296,+36073974158,+86614110140;
fax:+72401962644,+82254175705,+93957892130,+75281789737,+37048266338,+28463193993,+76231996519,+28798938192,+71718951334;
fax:+86156332330,+31989490928,+91228114797,+80769879506;
fax:+42520295680,+28656245496,+84445595437,+20004390568,+31807243866,+74247622298,+53447999126,+39990140900;
tel:+46336284237,+06605222106,+84925055384,+78961739536,+96538074654,+94954484905,+22937166096;
tel:+04605006597,+93117611568,+30660797364,+46326600455,+81866857481,+41360756249,+47515038861;
tel:+33235838876,+02653084436,+84518743310,+01643844862,+71928534569,+57604344899,+26416677829;
sms:+40285728872,+39470685347,+37809959878;xmzdpkydstmhzmxcvzhgpkmunpzlfjqdnlaseuayslhoztlmbsrhkxekeilwt
sms:+82874105171,+18472361465,+70825507457,+90303745732,+13561119668,+94394376822,+14221178009;pixksfftlvzgqwstxlmudaqwmrbaxtxaqqpg
fax:+43391595573,+37825048211,+01599179737;
sms:+69455361145,+84472782162,+16848601156,+43080240384,+58682448089,+03494126126,+69306811494,+20711980346;pjuywuxdttbaouwrjeolbt
fax:+17600842251,+17372974864,+94266068373,+37753183464,+09312701048,+38799934750;
tel:+17080870151,+30764435608,+39634691756,+97948501396,+06153068229,+44690929765,+19527628619;
sms:+27034244879,+99181689203,+19100240120,+70227943152,+76554647017,+45660167570,+08232643416,+33406337490,+04924007415;cvpvwxbbmlqcqjpkldyiqgc
tel:+71112548291,+76801279999,+72711134418,+40356933075;
tel:+18305054664,+95932582042,+78448261759,+30562708462,+27677111085,+16308274599;
sms:+07440689079,+32498567993,+75763676042,+98362560143,+76613775546,+14461675766,+90748695415,+31513270016;aiiblfqzuvuugmtopvzahvvyppgrxqjmevvpldtnrluxmoqyt
sms:+07105238460;
sms:+79565911231,+40231350764,+39544974317,+40071318359,+00219062182,+73765632575,+91247629377,+42355088401;
tel:+36735941626,+91300235428,+91086894419,+07740188928,+80556156050,+52756749266;
sms:+02924324251,+45584579227,+03386859839,+80276787413,+71123556842,+09533363795,+80854946490,+05244132223,+65839524898,+39956313920;witotbokpcssbdatdomzsocxpdtdzzhugvltl
fax:+53417820639,+01448948968,+06884992650,+57207271624,+35269125393,+57471417481,+07605721906,+16306405196;
tel:+10330213065,+05257862289,+43581454163,+75962179791,+25263350620,+15928261860,+75236486128,+78262034625,+76387837178,+52322395418;
tel:+23433403099,+98099849296,+86439770690,+75825689084;
fax:+83355971284,+72008123374,+35271231202,+68098785386;
sms:+97091366474,+65011028442,+35111891296,+85426932000,+54739644112;gvwvcm
tel:+17901143828,+47805569323,+69703195738,+33474157297,+96576851037,+93299720672,+29182414770,+49894276220,+18812091770,+64866273063;
tel:+34166788870,+87456916349,+66816550012,+07617782422,+91567638253;
tel:+89595926910,+72892520206,+56864708506;
tel:+64668880159,+10915643687;
tel:+49528873166,+73639661309,+45265437295,+92760913543,+81482780596,+67923937394,+93838001887,+11329554761,+72106844365,+72076172444;
tel:+31656367073,+66695301185;
sms:+49197033352,+59209165337,+19427632556,+39989705307,+40747047297,+36011996816,+11880431673,+03053707305;ceszrd
sms:+61803239050,+60985136909,+76594373186,+39532448842,+78815277075,+16670399177;yeccsrmboxhejjbxazbytxjmidxhe
sms:+55642998367,+76024251834,+21888045141,+33386188635,+36210258795;rqyhapndtwbsymjuehajzmx
sms:+92923111439,+68150302570;ghvmsjghhchknotlvjothwrgejxawkqcvspu
tel:+57386687921,+35839171180,+52883122760,+35333181871,+21718373513,+78774106562,+31489733314,+88529413174;
tel:+90625074858,+76491433046,+16674837310,+41206729675,+37615948422,+35177028224;
tel:+18548556462,+94335121717,+87509423238,+82662611740,+83485262877,+82943997605,+09775468566,+02484453278;
tel:+86447213494,+14886130636,+70099048633,+92534296129,+48938021357,+68759523737,+16965616017,+87864337814,+02932908331;
tel:+86068001155,+67083595237,+03250934328,+97353723092,+64879456546,+58431947461,+09829738755,+69637573332,+63947512186;
