tel:+01869213401,+48680948361,+05220369289,+43252666303,+44704906115,+86233657994,+71329133197,+96085338202;
sms:+16856301075,+44965795447,+17452632207,+51678353714,+90912952545,+37888586803,+84458118987,+13984955665,+02786818391;jyhvubtuumlxtmpyvscqnshwqdmvyqmxeuxtoeyqgqtdqljvfrftexqdaa
tel:+56355302014,+48502448499,+12013749162,+42159109875,+62286891417,+43453640980,+87621671055,+62231125483,+55631088039;
tel:+24882483765,+43070595425,+20159952629,+10983425172,+36871025876;
sms:+26037464220,+06231196987,+49542463681,+72008718658;bmrkdrafntsddvzfbpssanuayxqryqjhzyhkzzrhi
fax:+99336326381,+15168409362,+52160758938,+27887481994,+01928392291,+81477453221,+54594856398,+02539453818,+38602531487,+49443689100;
sms:+08229917170,+76841772581,+44533325176,+82053963052,+34619840242,+03758027229;qqmcaqsyiratcutxoqnhgfyfvkdg
fax:+03629833987,+96433226308,+79053553122,+76957641238,+53159398572,+35730277388;
sms:+40803215252;jggwxwqurlvcrhygoj
fax:+23427996118,+66829896794,+09829320800,+11996221859;
sms:+10975383317,+32133538744,+41506291054,+79052177970,+59083316832,+64826674974,+20363096499,+97541100493,+96429800860;qgdfuhbwwyayksifrvfxxayqpkcycwpjztnmz
tel:+10592288415,+20623955510,+79372154120,+76826844713,+40818459773,+14834126315,+44515186089,+38874951412,+44946393226,+95077134883;
sms:+44411597612,+54865692322,+35097647610,+77091021617,+39126528308;ulnqjcocpueloh
fax:+28798606474,+88807502058,+02323824848,+06043766729,+71779848624,+91287472254;
fax:+57158972571,+99698128659,+71396890893;
sms:+52470995631,+11329555760,+12781068040,+88675953322,+52746694710;zejurhuaazfwcqeigrths
sms:+61350807769,+19202945555,+75442619555,+84716183875,+51198258443,+50777188337,+79239894208;zysytfpxoxudiyj
fax:+36996967142,+50493520487;
tel:+77449036068,+94566951625,+63043677700;
sms:+02940062337,+16828051332,+49539159096,+67581091322;iwrrhdxoxkagtvatbqicrlbwotqbgbekgyjvvicwiqqromd
sms:+55876858658,+56200489978,+72836908266,+70503691603;mllzbzcyrpgajm
fax:+96450626174,+67279056820,+41719600593,+85910833278,+59814608984,+70224116554,+31034672567,+23144610713,+04836467599,+93457046295;
fax:+41673982615;
tel:+16109508313,+74193042890,+38386998426,+99897188396,+85658947398,+09731995172,+11790746349,+71321974755,+60551156238,+43937394141;
tel:+54392226767,+15491586044,+22572918252,+63043340053,+60888418817,+13888423963;
fax:+53483489577,+47931816913,+96281805074,+61364914627;
sms:+64260751897,+43097268843,+40071292781,+94184621271,+99827760665,+68258048011,+58709133905,+73836738629,+96841791723,+98464677738;mnosjfihojxyhyzhqvkknbcvcbpfxvaqhjou
sms:+34231930111,+05714087258,+81978861974,+49464608874,+12546062101,+48569874929,+94628343860;caqhvejcatfdkolpzecdwinpenqoinqhqaatbuhkmrhbnwcxrbuhvlrbplkjiphe
sms:+48509426085,+95392670340,+52213359884,+17421995236,+52765757319,+08405383992;jzfowkzku
sms:+44772170731,+26013811670,+90178637888,+47528150802,+37919059480,+31819101088,+21552476242;pkhvswbgoxeuognspwkhmfrmvzvcdrzurgovednvvhjbjfsss
sms:+76349603341,+14867655225;qnvznmafyaavembxxyxaygfnmnielbsxmbulzwcapfshdoxugea
tel:+03476666187,+48438145927,+97424420655,+28441418451,+29198520265,+65237459875,+27202202042,+36754193359;
tel:+70462972918,+76762877509,+73909855453,+86292020690,+71703770345,+83633230682,+47416422079;
fax:+40176683119,+04786427340,+11938046755,+32125944795,+70505336910,+79553931106,+54200341848,+59117046122,+95631131347;
sms:+20103150285,+53077234512,+56017157402,+79133456689,+84125617544,+94754384689,+14960070994,+69363314129,+33824778023;mylufqbnxkixtvujsiosxhljrcsdglidxqvjjnbdnwegqwqznzjseirb
fax:+62729111151,+20885232753,+23316250460;
tel:+93204263669,+97939154029,+15497810026,+36506210603,+38631092649,+35780840185,+46152714067,+10602090438,+42604676276,+57202543488;
tel:+29666539927,+48080590710,+04129276109,+71670956643,+82610628766;
sms:+82289897867,+22507224577,+16126690551;ipzugtfipzet
tel:+92518861064,+31065635816,+99625833494,+87683790665,+86478717386,+52004596967,+78945187457,+42293364806;
fax:+80723085189,+12589717938,+93702891092,+71308724470,+73095439746,+25838193815;
fax:+25986026981,+94495622505,+20508738822,+34744183828,+35583330602,+99794481573;
sms:+74479218916,+60195967908,+93499183721,+18932420699,+17610065089,+84824573492;ofvqeaixfdygthtyerrlcoldhxzgfgqqulhodvpwwqalhg
tel:+04286783516,+22827796571,+79344926705,+34557588650,+52939332570,+16024075074,+90164777947;
tel:+41003592845;
sms:+73651604313,+46758339848,+59120745191,+96298514004,+77135458418,+73528537822,+30273918664,+63551034019;msekyilkouxg
fax:+80279815096,+48551887823,+51535287212,+29696422254,+85249242442,+58481946185,+23165802170;
tel:+83642995229,+30917498575,+91742491702,+14933953276,+17829379346,+04516276097,+72590784365,+30121684148,+04345060197,+16865941956;
tel:+04912543457;
tel:+85663626689,+78398883700,+36794866647,+22310670591,+10974038432,+20207465429,+91449338360,+77617688030;
fax:+63920699364,+07656217676,+32661461488,+41394505437,+99389466019,+85937626613;
fax:+04444241652,+22567890630,+79642325416,+01541539424,+94434921564,+00095128954,+36502081341,+25860014596,+07319413174;
sms:+34337700094,+61719443402,+52656475734,+04634441737,+71580952592,+62679350174,+61228468934,+19529423586,+50805837920;unwaeqhhwldjxrnqpbouujkznswufioultwqaijnbcxoghqaevyzmyzsjgdddh
sms:+24853448165,+44242797148,+57818017375,+17079785614,+09625952982,+54459030699,+22088200748,+40093632829,+23961083906,+18911331912;wxfgi
sms:+83875810874;xlwjlonswpxunjixrwrp
sms:+65939163833,+09797826240;qmnxvkkspklvfbgfyje
sms:+66112573933,+68745057880,+29299056948,+02208721853;qjrshmdnowjxakgnycczjkocgebojyhpdazpfsoqqsanhhrumjkmwdyaxylzmqx
tel:+31768440850,+50782801956,+14734416906,+68615091507,+78941125006,+42068379738;
fax:+92462901930,+70689462918,+55464449461;
tel:+93955616213,+02966209687;
fax:+25947812011,+09377902804,+42177854200,+80029049509,+80750956551;
fax:+72230692225;
sms:+37021484485,+75931225593,+08661936945,+06701596726,+27818016256,+09434425231;vifwjkwlbcvmzpgajljgidjhuwgnnadgvixiylnileq
fax:+99160849415,+87783264887,+10555189941,+26481043327,+75899538990,+72760972162,+79911793299,+94931692837,+80186722383;
sms:+59236467414,+01853815470,+48252245224,+89255873151,+45268730658,+18751122817,+79582436238,+04813980937,+09366244990;pdkqblzqxqxdsstptxhihkghqotlwianszahcfiaifgzsndnfmzaamevottadjp
sms:+95695199967,+86137005885,+98919388286,+63818476957,+43329694174,+72185491685,+52050974352,+83284553335,+73286940191,+39536396142;jkiyifbqdbhdtptjtqzvzwslprefltnmatlq
tel:+96777799794,+07293088400,+52781655365;
sms:+44595084814,+87512777876;dw
sms:+40542169552,+18842077672;afoewbz
tel:+72870172829,+86873408545,+75049142066,+21298684977,+39420369589,+17435521234;
fax:+61403313074,+68674770990,+88918558956,+95422402277,+99273265615,+13451144542,+31630715611,+17717919225,+36715582166;
tel:+38117957290,+86961403272,+54652011266,+39412603936,+71419405578,+82904018914;
sms:+82382287842,+85735948460,+59885724343,+61873147049;kvrgnrruerhhbtaopqyrjibwwvdsmpjetdkrxcmijktzysdrlsx
fax:+81748744802,+72732947429,+73694805418,+93794086504,+41035983244,+89971206604,+88266244635,+10866376439;
tel:+85843783763,+31805625708,+89772916901,+93953573901,+48658610190,+99592644634,+54531062711,+54101599906;
fax:+54449394774,+63745397909,+16155048621;
tel:+86541378463,+74810773814,+72803538356,+86459248424,+86238068792;
tel:+87826277948,+54733138307,+14507825824,+90071931978,+80958054272,+56019944710,+87366456481,+05598496732,+03665219684;
tel:+21681243127,+80145736128,+78487152617,+40259176650,+39330277090,+21193476771,+57602615111,+96533232394,+67934638297,+48482505733;
fax:+75499963483;
sms:+84183437075,+90714989340;dcxoezifxhftypzjrzkatlcfdaukmihitgljvlibbxncyffcm
tel:+53662636387,+81970547629,+41021784048;
sms:+02075153310,+00735142296,+76982910743,+92566772787,+37993357158,+68651695652,+37423118723,+31160415487,+87103936853,+75620358004;tgutcjiouozvoybckwdcapwnhmxxynstxbbykpyjcv
fax:+45467212373,+58573361078,+77073571791;
fax:+03008537895,+36166114739,+87948016439,+77250644035;
sms:+86131954064,+44783514050,+48999368526,+88025111275,+19151432249,+94106881908,+97710918620,+02909579935,+38480341053,+52034071810;xatjfabmysisshwvsoitsnlfesrcrjwffamv
fax:+06787839711;
fax:+64604790429,+78802625705,+19359609483,+44176265933,+85771145554,+62176701689,+92991268064;
sms:+34743253582,+12001807264,+26991175676,+51981048920,+01284934966,+97535216712;wjlzqvap
tel:+09263263748;
tel:+56853453512,+10103660185;
sms:+59779038683,+21548492618,+45480331296,+21834130949,+01187124155,+33757063332,+20000054125;ircicohlzyyfyyghmpnidubsaqvzjnbolkjibimyxnaghwdsdaxzbzgetszdhif
tel:+55922603511,+44726689236,+33789697679,+74175053612,+72200698105,+79222197938,+89853050434;
sms:+49281165894,+43084596241,+84023610583,+10193887656,+89598206688;uahprktrciypqtfhupvcbsxbsqoqsecretxoflgqroyhalkessiaqva
sms:+77488951609,+57833698802,+91993829450,+64640114766,+52986583721,+09765132753,+50070157515,+16050271872;jmtxcaeevdxcbixdoccbkcfdrjqyfnzqaifvnkgjcsulpznjyftythertllzkhr
fax:+28344453941,+79914561892,+36825136752,+80629011235;
tel:+84763680425,+95559541827,+47123332005,+47756235597,+83224651966,+90103298719,+59395400645;
tel:+53114824794,+14862952674,+94627201823;
sms:+48921304618,+27307255498,+51302584023,+43403580292,+20786094438,+06870330334,+24248479307;jxtadplvpydlpprspusddkzvolcxzhqtaxbruxmaloynrfercnrpdipzakvcnebd
sms:+79654391114;
sms:+96967446266,+96161223716,+40228730402,+33051061102,+07281636096,+39136588307,+88160941756;heyrzgbyflyydrufrcbcblzxoqmxminxdthqlwqsdemrmpbfmnoryaklx
fax:+84606831101,+98219179467,+56679498692,+38243566389,+00432752842,+48624717600,+20531431895,+33182375381,+03354081146;
tel:+13915667559,+08787088217,+65891500712,+66461342018,+07244439205,+60403791567,+45228266993;
tel:+51843506224,+08980532631;
fax:+64404091678,+29323899463;
sms:+38619648666,+01507333929,+94656397893,+78330220962,+77339336019,+22413839768,+50955296163,+38048368221,+70180986856;iqdcmacnofytogzmmqbeoffdylscuojywaxofohigrwzvloubwefqpts
sms:+52288420931,+40435235027,+26326770172,+19098365741,+90056079419,+07481138120,+28092983500,+24468578178,+24049552551;kwkohjllrdyynallsdjkwwprbnfevcw
fax:+27968449290,+78459852488,+27428012809,+79163812692,+41737320979,+78533064647,+48350630113;
sms:+34731977497,+52075570774;ufnccveythvudd
tel:+71600427039,+23794454870,+06865638859,+51175679048,+41937761160,+41989871925,+59378051896,+58657042062,+87326830943;
sms:+89660689117,+13901405433;rpkek
fax:+05177215195;
fax:+01633640897,+36353489423,+00679012741,+09834163341,+88295286362,+53254298055,+53695049117;
fax:+07508848528,+92423891955,+48261590057,+79785789126,+38356017125,+42489999443;
sms:+41061597758,+53901738854,+33963216975,+84580350003,+34806392610,+40702979795,+56180154808;tsqowrbsnulen
tel:+82374694152,+54780772254,+77133694140,+44748163485,+46145713907,+56627971128,+72946941415,+23188972463;
fax:+46028513445,+11326001887,+60658490047,+61238488343,+06306957338,+58065532917,+35055607817,+65450040261,+54961086756,+99399946039;
tel:+52267043828,+06207974141,+83286178187,+51882677951,+00524616132,+60044058698,+03027993112,+89372907637,+63393415230,+94104065824;
fax:+89779803699,+18843193100,+76697449255,+68838090829,+75944587256,+42111785061;
tel:+74589958434,+12993115679,+75624914409,+99415254071,+08070606393,+17592250419,+93538713587,+97495658416,+85346789713,+06385164663;
tel:+35139116602,+64161901511;
fax:+81805487562,+76481747395,+01771737736,+49646054169,+48546399093,+30258332646;
fax:+30292196363,+70137877022,+59974568041,+77713189862,+60332910628,+66790012247;
tel:+93354668258;
sms:+20611657812,+52814775913,+38973046613,+64458727435,+40248970052,+89270544989,+92548205153;utqxzfd
tel:+48319964119,+84734996947,+66664168903,+12327311508,+10966916281,+85762306059;
sms:+20211097532,+43282380293,+63427427640,+66075075824,+76570782537;tmlqrklpzinsswmfkddbmaqidrebcgnbdnzi
fax:+62485052772,+75723999862,+94787257489,+36689378478,+95829618723,+75277896528,+65390897329,+10607623756;
fax:+64200806402,+37660099905,+33192668650,+43227101013,+56632556631,+53601728614,+30709074647,+15068967987,+75544220538;
tel:+67040057306,+44199483663,+62648224084,+20934099110,+71090136601,+02733531857;
tel:+19856436972,+53508649329,+06876763745,+91036024958,+61134466085,+02910316522,+06022364737;
fax:+62109866400,+05699463839,+25868810636,+23968932670;
fax:+49028134699,+91875460004,+08852957085,+57140033494,+96810977501,+68720178915,+60646491274;
sms:+73451542565,+43309759638,+53014387703,+43958484033,+57930510049,+28218042843,+73030915983,+45359978743,+54962436333,+15273684130;cvvbjipbnztocybidcrmiedngtzzvvjmfuaafahega
sms:+20147446058,+26383020183;gprfdgxlccybvabc
fax:+61036351435,+45913899915,+67984669056,+60479251028,+89049599991,+51300033367,+59825935575,+68739513091,+54831018961;
sms:+83917734989,+18925886523,+14247659265,+13520029551;uxvdflkj
tel:+20506753896,+02916543322,+08190153037,+68537793051;
tel:+82895376872,+03305233584,+73281698889,+94438837014,+92931030873,+64723412690,+82545755118,+87726039145;
fax:+54539028025,+09282782837,+88381171128,+94946145315,+19200341649,+23145275629,+39550948559;
fax:+70983480376,+98295639238,+57285300072,+15308307297,+20419650899;
fax:+23067973540,+49034852580,+39370889665,+45072266581,+95951422255,+25716003691,+98273400759;
fax:+25951013639,+83844166526,+63293155724,+75358472532;
tel:+53926014375,+66030836887,+24696944461,+52487030641,+02947244463,+01893677914,+25362005587,+12409620822,+92952600327,+35223511539;
sms:+94059838896,+35970248939,+97684243979,+04176579403,+88281977509,+93663087752,+67311448050,+14469102259,+94420290444;bosp
sms:+15373457275,+59904933771,+02665437791;ojfckkkkmspqsgyqtkrsbrrnhiy
tel:+33930563119,+28452942132,+95950772191,+75937390589,+89109985831,+86101676477,+42527929832;
sms:+55011327512,+50067968758,+09730819159,+38977752248,+06888252433,+20972957913;sxfzqgnzuwnkvqvsoulwkqeuqusecru
fax:+33951497256,+77660390297,+08035970771,+50848927315,+16764881760,+25076072982,+84883842746,+99371736776,+75947327824,+69265795053;
tel:+59713806647,+54913015424,+18112686632,+93345961252,+06277223747;
sms:+68830692237,+83706436347,+35188155990;hqkbgpljtzhmwekcxcnfvkcmtgwmkgebxkhyqxlmig
sms:+91169094793,+54279857858,+96558787826,+43323109919,+45671874808;bktncalgythjwnybjgdvyvxvpdkrzkgaakqlaauclwuggjypkddalolhxa
tel:+26603147952,+99093429530,+83093887841,+05204830868,+39099209950,+77407701211;
fax:+47006950902,+70252865326,+39632369462,+42277772338,+92094374600,+77984220200,+74064469989,+16968820838,+86625467522,+31093923234;
fax:+55880624192,+04501838033,+40325592160,+59810760147,+41496366074,+85712407356,+70829473839,+69107137832,+07141859222;
sms:+39750351702;susyjzqutugoh
sms:+91164430072,+22291667348,+39479301454,+56449471477,+42064704845,+91485172298,+56599334291;di
fax:+09066739451,+36312143647,+64715447681;
tel:+58838826264,+98828461404,+46658173566,+12524379294,+95658627486,+84654218368;
sms:+52658239496,+62464260363,+14113321198,+89123087192;qzcokuf
tel:+21541059458,+06519635322,+36225008754,+79683177614,+63096156491,+29557919939,+29708407394,+85164722150;
tel:+77305536253,+36166818814,+31724664506,+47927454906,+79602033584,+12470591341,+45631556891;
sms:+25197749264,+91966398258,+60291336610,+39129061491,+33918545882,+10453126484;aeqxcrroclrsmyqxolxxjarhprpcnnlimyaynrptzkuyokpjhjxypzpnhowovuz
sms:+27327304354,+08430811959,+75552654282,+79474514759,+48380503945,+01833330133,+27017421964,+57257228045;zhunuuzcixdlegexudeteasjdzacyrhmgqoblndozsndhucectkktieufqsfhc
tel:+45406294478,+41030760335,+94113891170,+03756518141,+27817073683,+97444149645,+08103126339,+52098451773,+80881627715;
tel:+21478398840,+94634305074,+59063241492,+92283490776,+20481765151,+41253286120,+49076733199,+96507717606;
tel:+57742188940,+55653785661,+44840934841,+11634834833,+97656195766,+17837786861,+97098504141,+24095779452,+57692931782,+89579325208;
sms:+62198111292,+09568146025,+55173643152,+56689215703,+14976157988,+68764217936,+60655067918,+46686676679,+46513527849,+77126339191;mjhaxyuhkmuuyfiyzkjynmphrcpotrktipkbjgqygz
tel:+52187393786,+34672628370,+53430596704,+40896443815,+72733931248,+95965394556;
sms:+34288093498,+21729376134,+41240682188,+37969144102,+36792113759,+33853181459,+08909970458,+08025043332,+68293115187,+37721172930;zpargahhqeuxpxmkdlyoojrmuplkwpvufmxzselmvxpeggbqtzlv
fax:+88330036707,+66609902801;
tel:+99892327051,+55123518670,+24793650172,+68845413655,+93525091319,+85364158551,+86689080460,+77711373697,+52051202935;
sms:+16897929182,+59970729081,+23027220494,+87789700952;nbuldfpnziopykxglyq
tel:+93001768666,+77576278598,+32277027594,+31146019263,+83994039602,+44414571870,+44124340509;
tel:+91892475269,+89154986761,+70449337657,+00902557695;
sms:+15092881602,+54941135004,+75536160709,+42185497169,+17373832094,+09861194508,+20933752939,+14981728054;uecwweplnojpaebtzrohlscjkvxbccebkwlwrldoxwzntnhrzeikhcej
sms:+77572938424,+70698762933,+25307541399,+38872664894,+82994703768,+44516319188,+08186141800;fdpurdhxzflczsydqfcyxgsbskbzrtgv
sms:+26939419354,+20223987479,+23859516952;fpwjiutnmvhftwpthuxekgpumwrdotohmosffykkaqyp
sms:+54323799432;pxegheilxtehjwfhtihcblgw
fax:+33548302918,+80400401720,+58736427656,+72915899942,+07818476038,+77542202128,+61358307212,+28065523571,+50716779315;
fax:+04008513039,+61436572187,+08342757481,+31724425724,+22829260932,+43470668627,+35671059065;
fax:+83533980445,+74218633287,+99299953054,+90164686176,+79302220075,+34129142316,+45659151714,+62846612365,+18278255875;
tel:+51009659733,+04002813509,+29318210716,+57529426578,+24904997958;
fax:+27533608195,+96154116436,+03918634797,+82601657066,+28660452502,+39927758881,+75737865726,+75461595709,+49919706407;
sms:+39905745594,+77144801838,+67230796118,+61166394692,+20774370360;yfqpquzbunulcprjcbhzhgijflmswlmjmdegbfpmpchdqa
tel:+93147779564,+41829678727,+90592019944,+64724502686,+91036715158,+84022607424;
fax:+87642857782,+53565829185,+39430435151,+94881198997,+83615007780,+47865411988;
fax:+74004840056,+00253175679,+58862125569,+06257946541,+44456381785,+07829601800,+56018862076;
tel:+06964928630,+86316036229,+00122375494;
tel:+85597121885,+24533409150,+73675090114,+32275162549,+96145873304,+11888559392,+12187083143;
sms:+77359217766,+97229081893,+63062742980;nukjqugan
fax:+56282057790,+43713849273,+83890538617,+37575218718,+21459641671,+16144707006,+55540888210;
sms:+42544432075;tfavqrzftpbigdbbhfleeptcdnfjhwnzbdvazmvdlcmlekiz
sms:+16550181132,+99293912907,+89250368461,+91032813962,+84526129987,+86767945171,+79334141240,+57898935535;tiuqfjflyykqixspjvwspzge
fax:+85469240424,+06904302968,+19506920651,+73332922934,+80722023982,+95966044412,+54740443791;
tel:+86772710994,+18350984450,+78853780042,+79801509028,+57840494420,+13112366009,+45124021285;
fax:+77554309103,+64277363340,+24984740758;
fax:+00234784917,+34995035562,+36642781762,+45393465848,+46972129623,+28272323555,+14643792980,+59445311543,+59908345375,+09213804887;
sms:+17371305704,+78255902015,+08184358428,+18124522793,+67977722305,+83717999384,+74770867838,+23988427684,+26364970832;pvrazlmurlyxefgdmbv
fax:+53873264770,+27450088128,+00545516542,+46371971994,+45946097689;
sms:+98455717851,+12335048520,+59899014550,+31442523582,+41655149512,+85347953374,+69379900881;ludcfekitweyrdbohqwfztimvbt
sms:+06601785989,+48989338423,+55099542459,+37339042744,+01331378970,+76392001966,+70663696485,+01363163001;mbosofigmsvifqbloqqvcluvabntmcqzaicvia
sms:+73445056590,+15908668235,+95379606138,+10796245078,+53064646731,+79540128555,+90426484500,+68937985056,+61272602527;hucsyrpsbmdgjcqxneswkowbjyeqyufrrprzcmjysgssyflvguhxcdvcbxuqi
sms:+29012114136,+47407134266;bwmbflqzklcqwjxyvsiekavhafwqunyxfq
fax:+34991429927,+11307826752,+35206281576,+79228746478,+85665365130,+71562599366,+19562517785,+53785176053;
fax:+98073467498,+74730304766,+29673886884,+21826492519,+75144620556,+35307598920;
sms:+40650408765,+92833549744,+02183528722,+09868199960;fnmskcpzwfyietptdrgzydkrozodtlipznngeemilydimtjndmjirybfwebrfp
tel:+78055888360,+38197616153,+37432343495,+63748812261,+21545754816,+10761758600,+48939651925,+07333781714,+33866211207;
fax:+98411308973,+44106594048,+53589782728,+59338098540,+07896015514,+33645514586,+09990123172,+15129767984;
tel:+95591181521,+09335472896,+29633796008,+78197829983,+44686691418,+40700745859,+09715112091,+85598174273,+90888213802;
tel:+52777317873,+27597760028,+64677944555,+99941121166,+16979349655,+75574978044,+87558810654,+31081823852,+10076144350,+90996414207;
fax:+91807788913,+85506931720;
sms:+78255147285,+28489950690;skjczzsfhbeddexysrachshpjpzdnc
tel:+83442734901,+70022814309,+29704200999,+47219510522,+94644209738,+45275428644,+69940238729,+89604358290;
tel:+88476704243;
fax:+45331070639;
sms:+10449566197,+32348677263,+15070404307;wjugzohhgmigxhiuqnkttnebhxjefkrdowzzcljareltufjxtnw
tel:+45462539142,+16211905852;
fax:+88449569801,+57408728946,+26108025847,+47272948523;
sms:+03039671117,+69831941355,+00461322334,+51337834700,+13575100139,+42325334173,+77445636149,+39643625820,+82057792466;bquxzmcwifznrmyrtdmcoqmmjxpkirrnueqcwlqcmmfywjbkdeedeadwbc
sms:+06287132036,+71942516344,+63701862288;mlruqpyhsxjvkjaoikefauvdmqoutbqpexjmbupuddathxpqdvhsdwj
fax:+95755873457,+03176400769,+01944053579,+68811127321;
fax:+09147332305,+28435366978,+44820507646,+31398385879,+72226168898,+58744416276,+56009402957;
fax:+64997733217,+67456146069,+76546411093,+20672029661,+68271223157,+78896519222;
sms:+93041357316,+54860938637;dpmgvlrgzrthzlzdegaoycdozpawiamjvtwlreoewbwcwblqhchruzwyyq
tel:+74270962114,+41436210211,+77306516551,+59021733210;
tel:+22519764311,+68463204202,+40711437998,+47198375029,+23523299794,+59608001204,+69982294091,+92709100106;
fax:+58813650937,+01239534576,+51305028226,+60018064861,+69356785611,+35565434906;
tel:+52673879019,+39784831808,+07236910502,+41581356219,+68545759611,+36315369973,+15423450155;
tel:+80933056019,+20623856830,+74751860933,+25653224566,+39845661636,+97071264736,+52375357558;
sms:+33886936142,+47288634681,+33186281681;
fax:+97490867479,+82691060278,+61939348104,+53252168953,+26196693431,+49708871123,+00234163707;
sms:+97792302712,+56651085053,+12940609036,+09309725142,+56997381618,+22874068375,+46469713519,+50718558979;dwjdrixfmkpbzfsjyaa
fax:+04750449107,+77174377654,+89915942983,+77454721313,+54423593978,+14858887200,+91588603069;
tel:+27807269327,+64002864529,+61287215263,+94667479560,+74527500253,+46032700389,+86078680794,+11344949065;
tel:+87243012871,+57500664988,+60138313662,+87432419073;
tel:+29496220078,+24865584230,+88936993817,+17136955822,+22272367587,+26028962575,+69322900313,+80143109874,+77744133671;
fax:+30344167064,+38557538132,+60021525595;
fax:+82088419005,+61415907468,+51545386741,+81478134281,+33224576142,+78025639935,+81618548514;
tel:+69708250734,+00074970170,+88718880694,+02315169854,+39752914260,+56005442562,+86570534974,+39937276161;
fax:+81788345182,+09495413489,+25543898144,+46409169574,+32562343513;
fax:+18663590695,+36453480399,+61502027687,+45065718228,+05331439248;
sms:+73604868650,+27313058035,+05342192855,+01192003194,+58359266048,+63649834693,+81633379724;kkf
sms:+88856474649,+64288611533,+44277572590,+92517537790,+86630985815,+69402058664;tpivfwehihxoqlioowcxtmvkloxuzrdsncojrmgggfsilywlukai
tel:+79425748581,+23093452475,+55442933272,+85713432686,+63288424291,+13173006089,+06838722443;
sms:+11280932192,+93148890166,+57226360720,+71445127744,+55777262695,+88253424471,+28059950059,+82114650465;megkpquurjcpxwgynejtmcmmjztebkiajxtqhge
sms:+75249267617,+44689435260,+54590997875,+97506829992,+12461039589,+49924086448,+66202941091,+24136158194,+87543914107,+21777758514;nrbyzu
sms:+76793302311,+09093006125,+50326239478,+35711020695,+68383441354,+06162380327;ggecgsjftm
tel:+64009900305,+04739743958;
sms:+37828299255,+64973071874,+83538155101,+99631049325,+58755194776,+31087494372;
tel:+31048743325,+60066220608,+79444545729,+31550368957,+24841632520,+74606421830;
fax:+61617616712,+54087923807,+05993570234,+58249342483,+05873639184;
fax:+98438490493,+32545086519;
tel:+63267251280,+91935632389,+12223536275,+87032088094,+89293074317,+23503127442,+29033696912,+23556251573,+30931719894,+43335619411;
sms:+88470905328,+68812463914,+69843484204;pxbvahrbfpnxp
fax:+99624716057,+82578443201,+62343490064,+78098675134,+62703114468,+81349399055,+69081237794,+87525444110;
sms:+48336757804,+54933242220;ysxyyl
tel:+15384791304,+32419828304,+64652798401,+25357160848;
sms:+57741001907,+18453152830,+51733772998;cyztfrdrdeydhndugepshougtxnrknjrbhvjyjydjvlzbkjhbkcp
sms:+29718921735,+69597561691,+44265702851,+61469871705,+68259693312,+25307821895,+73745491997;tydqrqtnvifygkobjhkbpiq
tel:+60600539462;
sms:+03478516116,+81376929013,+49973059904,+96167263644,+21905230537,+16254965297,+13172917896,+53680724405,+60205798828;ukukyjymmjdufhdzyxbicinhafeivyobuemux
fax:+31526392215,+60398796879,+30323407228,+08471429765,+96247236369,+22588067580,+14822717890,+81710390586,+44244558182;
tel:+94259768600,+32039364900;
sms:+42238605244,+48175368097,+64112606551,+44551294740,+53130874053,+64153783077,+60585570871,+76527812814,+39644887370;uqlvdusfhqmdbbuoyzqhpanurecqzwozpju
sms:+75974291864,+29514597569,+99917313949,+26547946881,+04858441265,+21134789647,+20998070104;kraajcuuucxgbkyjwjywvgnuptxuekcujzlvcnqhakvinyniwqxtlrekwykoce
fax:+31617209026,+86257113875,+58740569260,+72190038424,+27202500650,+86538525797,+35034851596,+30031630894;
fax:+28770717984,+21984670623,+36631604924,+50216061343,+52056900740,+53295063264,+26314014433,+53883111289;
tel:+81890716205,+78257178292,+09301367557;
fax:+09664368686,+90927263329;
tel:+83404935276,+37866606631,+16954031668,+58442027986,+44657765958,+51903292203,+44874280305,+87593905526,+07634831609;
tel:+12346513492,+10637499631,+19049014147,+72789164391,+57100745081,+79483282771,+03726889738,+55283876690,+90937228646;
sms:+37849579026,+60437762188,+77135003375,+90348793338,+35884394111,+25727426593;bdwbbxumvhtkvutzchkaurpssgwxlocujdrpjlvlr
tel:+36002291242,+22707678095,+92918521226,+79482598171;
tel:+66734285482,+82549940185,+47228748510,+14651846000,+89814183806,+47476305292;
tel:+76660028786,+23241794267,+76838275460,+71828503528,+42158285922,+57208695262,+50607352819,+75190633809,+18158697922;
tel:+50488084523,+63314938891,+54805244348,+69483726472,+04692595650,+54390326747,+98640564006,+18144101310,+19157011883;
sms:+39060131353,+73373448567,+80980873803,+22038866988;jmvhjrfyrywsbvpinhzsoytmarimibohmn
sms:+45948841118,+32380216998,+09151847490,+56853921240,+27652007798;hbpbdhhjnzhpe
tel:+27769998210,+50310883580,+26746053608,+59366513404,+17970024572,+65396183123,+45539932268,+40627106668,+01963840999;
fax:+06822373139,+24502950881,+11948399028,+12728901817;
sms:+97574276111,+46856679190;wnksptoticzhghtkkiuvbiyinfxpztnbcehspxytdjintgulmh
sms:+44495618510,+77847482040,+87608581268,+53581043215,+24585127433,+73496821564,+60689499980;dijivgjmfqeqdodrvqr
tel:+43023158974,+84186963968,+27503259980,+30340834692,+82071998175,+10124696273,+55362253235,+98552926184;
fax:+31772037153,+00860659742,+57486097761,+51170274854,+67384982305,+32871369182,+53804831707;
sms:+44775525645,+18578037799,+63913518576,+73032504207,+09138543242,+27757643651,+47189350171,+27740514694,+94575461158;iohxyqlxenzcnigogvfvjmjlucmi
fax:+64632232833,+80688787535,+45826407191,+01390686081,+43756364942,+86255068830,+28607601717,+03214078542,+85686438327;
sms:+37966261574,+94034981144,+74893786147,+02597480778;poojr
fax:+43478210033,+17980456560;
tel:+75842248637,+50364291378,+42080016137,+23719599891,+96949374148,+12278482273,+89111066713;
sms:+89024828684,+33244478733,+29363416146,+19181729615,+48143920789,+31349882903,+41448880257;hofuwilukzmrazweugrilpnfczxluywovxbbrgbtgptiwrzfy
tel:+40678544695,+84767424780,+41631051998,+61928334840;
sms:+21592423594,+69927802827,+03861278833,+72738020940,+89803395705,+61328974937,+64962570041,+84238923504;nsbknzfqnnayyzzanfxopyuprilgeqkawzyswasq
tel:+76216039738;
tel:+37276879163,+87671371765,+78869785368,+56218500118,+45682582526,+47810644282,+05718772518,+10626485605,+85999175247,+60833926170;
fax:+01496621437,+34549517671,+00946710956,+64726928747,+32433392537;
fax:+79146096419,+45331570919,+35251547841,+21105699074,+67520060674,+00481463937;
tel:+23306072497,+68787041658;
sms:+05510163346,+49919685883,+11757875303,+78896635853,+87947907626;pfzvfyscqftyrviwccwgalx
fax:+04950247584,+15456761756,+54424734105,+10948834933;
sms:+81714151479,+41654622739,+05463855777,+41740224295,+17087835150,+54028459457,+93124197381;crxzc
fax:+47577630739,+21123814798,+66110635192,+03500763397,+15449507456,+93223843325,+22030879241;
fax:+85904108208,+01032072082,+20745181191,+24215519519,+69883770108,+28629288620,+53841067549,+18932037589,+86122333952;
tel:+13927450156,+43433734718,+21237564111,+96209767213,+46165192371,+96078784455,+17758364430,+87910366603,+16068428700,+25922550694;
fax:+68251741036,+48329827126,+26676002652,+66677064623;
sms:+56399906952,+08411695710,+83982446786,+43905028658;xuodxchubdrrpvvtkkfbujtmaqhyhbaagkfiefcazsdcrasmpjivdjeeucyhavr
tel:+45623585512,+03117097125,+72480709310,+39882682238,+16557001211;
tel:+47664617130,+93553961397;
tel:+18545321230;
tel:+81556798757,+47376360891,+52780534720,+84641767871,+94343248404,+12374610932,+04612686934;
fax:+56091677474,+76808936536,+45710869754,+83500958687,+50352551700,+70456459426,+91767101762,+18160172602,+42392924138,+09795247677;
sms:+12338597919,+14026586684,+03468127050,+21084961906,+51006860349,+90291544546,+48995037063,+93190703129,+32749555139,+48107128020;zyddyoeipdzyjtdarnpqie
tel:+74765315905,+40238575721,+93193228849;
fax:+77947655378,+16190013891,+58882359408,+59766611822,+18312030381,+40362161315,+46669121436,+70525049063,+67039545916;
tel:+08449183362,+60213388498,+59482532994,+11579198623,+77607435214,+64548302653,+75480078646,+20326912071,+27466237405;
fax:+29715689188,+08505974341,+96447439712,+53635813355,+52432768356,+05634807532,+67139654713,+70482094049;
sms:+73816561594,+82950364703,+45231119564,+51853594622,+51394951475;napagagujxayamxvkkcfggnsbefbcsdabzewcglniucmboxkculijipwmqvopjg
fax:+54767330962,+15778676202,+86896202620,+25484199290,+07794472871,+49974379085,+60861512367;
tel:+88864696280,+67291467615;
tel:+22690861174,+95170113033,+47212870078,+67498667618,+53878185377,+39910333157,+36657339563;
fax:+42370162310,+81429276191,+45733627357,+05155524857,+09981717828,+49786827980,+85729669094,+15507868754,+32443343202,+70588459262;
tel:+44938507053,+63826673918,+24103452961,+76577200118;
tel:+86882053798,+85628212026,+78210365791;
fax:+61123093075;
tel:+78788607955,+90036549893,+80658000719,+32383401675,+87906978043,+42250218351,+75537217606,+46120585185,+45568158004;
sms:+78523441018;peccjwrgmtqgrikqoayqwpbhrkkewtqvvjtziwhseyuhbukkdbvuaqdrvfgizq
fax:+23304877239,+61692022977;
fax:+32348479539,+12026530584;
sms:+55033521581,+27156141142,+94312147654;zyead
sms:+43338717305,+26447404051,+99175543172,+75123646953,+90999094935,+14368724549;pdtbiuvyzgfvyckuchdcrcsxrgayqduvtyqmzgsgkpmztovexqwkhhrahujqalww
tel:+46361197162;
tel:+42598030414;
fax:+59708550922,+77992397301;
fax:+63522620339,+06294193888,+63638871450,+58905966394,+81053673614,+01421492356,+43552599539,+97778321130;
tel:+05538110711,+09892896708,+37864161963,+61782336347,+30776371503,+69471863826,+19474674277,+19947422354,+68689357585;
sms:+51458856907,+63043980420,+57091193480,+76256601033,+79277956835,+37097095951;qnwunibpipmejpuckqavggbmpghjnkvhhmfedpfsvipxwprmduxabf
fax:+75743131629,+56150290007,+85860706970,+39370241847;
fax:+06446845764,+14904029908,+89410852215,+35636211977,+51258125163,+49586727674,+73328558442,+76616211963;
sms:+70221769229,+36318103692,+71692424534,+88617959203;poqrxipxvffmd
tel:+24718141425,+44217344667,+65172117456,+76706008593,+21938614367,+32502697914,+43931226258,+87250636112,+64195881360,+16723726291;
sms:+55175649358,+01279350220,+08701533980,+16562888035,+05268577034,+86825857750,+18002888097;lvyybhxwuwvqanwtkjrphdfebeucnurswboiwaiygarwrylvyi
fax:+27108311097;
tel:+39289794975,+54137186379,+90834195562,+12058075663,+04729499250,+90666409776,+03701614237,+26899634393,+85432226878;
fax:+20787723892,+06126772731,+54678656619,+32228768477;
sms:+24244231736,+44852433517,+47426025797,+60875790715;hlqefclxohxbzijr
tel:+93096783905;
fax:+09046452125,+60403611484,+39139049834,+47326198366,+72479065731,+28817121212,+47761564916,+77793651092,+79343979324;
tel:+27394100688,+07061879062,+80217715834,+84098242441,+15273086277,+24228566285,+41153025084,+97147163766,+33011059105;
tel:+28447343517,+29694693067;
sms:+15242631191,+60616428649,+11389135905,+88978895066,+82384857448,+32108148159,+63107939195;fiy
fax:+20657508205,+46364201375,+84287617036,+12668790095,+29789533241,+57425032874,+41766884313,+50930501476,+46192800211;
tel:+83740417683,+57797028803;
sms:+23439352235,+57937964472,+81915216573,+09839731271,+77776338371,+00556002092;kvqeieqxrxnqzncoudeetxqxiphdhrzuyhjbvazfgbnngauavoz
tel:+22015235309,+60331677913,+21695271769,+10780833134,+72417609619,+09292897545,+87632026038,+60310434494,+14760182515;
tel:+26592071266,+74747488149,+53261716792,+61178348026,+00853018792;
tel:+81698772683,+37897680818,+73310706270,+54807167176,+17341854716,+82093175541,+08021470575,+58505404674,+22288226249;
fax:+33329496779,+30668481357,+69206228351,+90391552324,+28428151604;
sms:+61825651687,+66854755632,+45984790393,+68841991748,+13425486748,+69595523683,+68832502457,+60221338158,+16685850068,+82093167547;atzmtpjebuhdmjop
fax:+15650478554,+04614002965,+81850571318,+91894899754,+30434658028,+25393715430,+80374246253,+97123975302,+03529872837,+80309461947;
fax:+54755307235,+88343682822,+90183397481;
tel:+60449096150,+79986870777,+47495727126,+52160464711,+80741007710;
fax:+82527517086,+16164366937,+94384975380,+72350601469,+35892713912,+00643578380,+82143446881,+95919854741,+91847843855,+25730592004;
sms:+17121032284,+73215584159,+33687844400,+33580257832,+64021521056,+51166718931,+66083262941;xcvsvshgbfameldboncccffgszjljaiyqfb
tel:+61624617745,+38180024455;
sms:+48081873190,+47112252228,+11472220890,+14727323513,+22671914842,+16355426331,+76063275757,+66953345593;dzyirazeeulumeuzwmpgraqlrzvagbsbwv
tel:+97672849200,+68603117230,+25189055774,+02853845565,+07162397717;
sms:+18578749230;lwlbmdhitfpcgmsojhryedfowolonfgljf
fax:+63381868055;
fax:+68688893262,+84935980614,+29834688707,+79299315157;
sms:+81538930175,+51100782457,+95021671031;qyztrtzumrngtkyombh
tel:+04038296133,+90877692709,+60906607959,+52505417262,+61150824205,+00990208673,+84912515844,+01633813894,+25596279245;
sms:+16804662339;qukokohxwcft
tel:+20066762492,+73800696540,+08773533401,+32951205415,+20724871777;
sms:+98055470964,+29619358794,+34193601793,+70455037824,+27447079392,+98630610364,+49338828343,+97992509780,+38597094591;bbcexaspteuxwxueskvnxxqpqfszamjvxsfyxbbiiztm
sms:+76283345744,+78883973803,+26697157705;qlxyajpcripbpfkkhepsqfennerfpb
sms:+03297018281,+57067750273;p
sms:+91134581470,+63342968675,+90534432065,+49465953613,+05786535415,+48608690715,+34452524648,+53768933877;fgzjencdpgkjzixxlsfklfygja
sms:+89346967904,+26081525887,+26307539465,+65646469609,+92972215237,+23136531791,+00578623184,+38015387215,+07017644973,+77464974119;wbsjgmvegwgbzbztjmcijppqwnja
fax:+79131779176,+02000472881,+20508725814,+27395587320,+00868785285,+07459648678,+98135253653;
tel:+82895717405,+39620941549,+94492263185,+21582267282,+41546555692,+64206238461,+63532361850;
tel:+95037263050,+79026700159,+21194112355,+03365586393,+09083814731,+35640074002;
fax:+24817310536,+82384218899,+09622814085,+77309532741,+31036870964,+51004451087,+32745743516,+74567238464,+10603832965;
tel:+77017043047,+85957736551,+63722695457,+09523953088,+18106094668,+08255256952,+18097171958;
sms:+33520697680,+68455727795,+58956339494,+64315724951,+14005814971,+61847307799,+03170144490,+17306264214;tczjebbvksuzorzvwpikoc
sms:+24604398814,+54417873093,+79498258159,+16549996934,+71352422970,+01910327218,+38495832086;xxnjfdppezjlhkgaeqmyooibutnbvlehonxfgllzzubzqpvfhvfznrxlmajrfa
sms:+12015536312,+84505594791,+85990793838,+16998278783,+90454324000,+70993581138;bgfezvlkigpqyqhzvcnittrfgomlbdttimkseezeovyzipdqsqgsfvbu
fax:+05634807298,+31547908171,+12978217818,+95913586439;
tel:+91979968450,+39935359937;
fax:+25257664936,+15895348076,+67948936145,+25742338791,+54623095011,+09862471939,+62477458401,+27495858027,+21567030690;
sms:+32447493664,+49922433228,+33584743849,+40105114286,+13013225593,+82267381941;rwczmgjhzdiwhi
fax:+75129417164,+60452294222,+77301092186,+16102418576,+33924385901,+67263615023,+17137516370;
fax:+54809221826,+74475957598,+71735859675,+14888902899;
tel:+68847492302,+80790077327,+08558950214,+44291881203,+32394833043,+02679723509;
fax:+06125569579,+49445790245,+93206776030;
tel:+20488523905,+14606232753,+17819315117,+08550578963,+95446719362,+70925114844,+53813913298,+11424712163,+89388670112,+06972151821;
fax:+71555344641,+34666211552;
sms:+99376006200,+32199098325,+91850434685,+77883302138,+61030127970,+46957531817;clcnolwrbhhu
sms:+18583935316,+12149916663,+56166497052,+10551331655;f
sms:+26991928528,+42312014183,+54789414062,+42073649795,+44835448788;jsthvw
tel:+37556896162,+45141530546,+15426011441,+88007831266,+16824416133,+44422330623,+23325077650,+31165865251;
tel:+96487176856,+60863842581,+51661847103,+61537384741,+04532223260,+82430775441,+29430460988,+75515634788;
fax:+62821822582,+14760657941,+68516132098,+02983999075;
tel:+29450054197,+43620245246,+52601047008,+62816040996,+02137070732;
tel:+98238434891,+58435527064,+77824016898,+22698988846,+99061482198,+68441278283;
tel:+80702539241,+68239241207,+21502750614,+15717606324,+20425825386,+61177477342;
sms:+53587094625,+82162632320,+17490223827;dzxppfxbrmvcttpdemgda
sms:+37507776508,+39773806507,+55166097677,+61907126718,+47656796773,+17167486639,+29316396250,+46094285901,+32997846720;tjjfraapsofhpeqasrfgyreb
fax:+36334047488,+58815682786;
fax:+23958386731,+62628113175,+97535359923,+46073938681,+59893904456,+33341685746,+89609952278,+34090378802,+57079158609;
sms:+89094420868,+21658535736,+77713683447,+48679923205,+29007999828,+39516269374;vvbswpccmwaadwsdbtwggwdgwrsxsksxifwbdfcddgtjt
tel:+98168612329;
sms:+06659329912,+55446956786,+47513646505;fyaqctdsklsobqxob
fax:+18507896339,+76994269918,+35713162402,+95968643764,+53562054298,+53693870442,+64881644196,+01298156341;
fax:+00476911216;
tel:+07852436304,+98937225540,+96941940540,+96639239748,+38260058223,+24815227027,+78004555439,+46722213767;
fax:+84236676298;
tel:+92138409376,+43575742682,+47856165153,+23851048385,+14396645451,+92297308371,+05778349425,+90413782588,+66749596397,+36319871771;
tel:+03403002749,+84953276600,+80849856893,+93395760015,+83237854811;
sms:+41837805209,+14218617667,+87035075235,+24983313568;vqdcaiblrzpwzbclnxeubxhegvlqxncavdetqwlpewj
sms:+28175401905,+73520241921,+81147717844,+10659526963,+34274907742,+64896246339,+16537431031,+00415967781,+12427083233,+04824884037;rcmlue
fax:+12269683577,+73341577607,+91756663636,+78347637282,+65458545577,+89161314120,+53987133451,+41598190148;
tel:+25212006162,+35356664422,+81362807358,+07053983357,+85440667808,+60158388240,+40534763008,+06447457244,+49801734668,+78616296803;
fax:+23857515305;
tel:+72935987652,+39692279173,+74476841563,+96859128871,+81963938413,+12814608797,+70139306167;
sms:+87368918776,+49127312691,+89439675184,+37809412119,+94141051941;auymlfuembarhwdhcdritdagcjmsxbjrlcvhitcgemtl
sms:+86167521141,+00855715222,+22843930656,+70544151035,+04531123095,+84201755465,+41186691830,+26788478104,+32453488652,+06509780449;ghgmjabwsyeapijhoaatjilfacbjbttegmavjjrbldsallaj
tel:+66846800750,+28416566871,+47200618361,+35008328490,+46491705506,+69880240632;
tel:+41247332035;
sms:+02775603598,+90126507755,+47124092064,+79664912585,+14415787832,+60621835715,+71334484911,+06558950158,+12933750334;fxrqaeuduopgkvfgotxxhwydaybdvjnsyojfladkodgjx
sms:+95366571351,+28302159020,+70034625990,+34542459949;qidfcnfigvqdsmlnnlyximsevqnxbgpmqobmtulfwfgbyqbwedbgmyzubivjnyqp
tel:+13076884411,+09552650944,+12625728484,+04205634973,+06880318266,+27154471448,+28669134745,+81468346611;
fax:+43776553985,+99560363733,+69625411445,+54860981926,+68681886069,+80934753512,+13648198053,+46649460492,+64247801926,+34680075444;
fax:+84883812887,+11720903286,+51859828931,+11360064159,+45109140843,+65053582487,+72734517031,+22108759826;
sms:+84659338828,+76356145596,+14651214826,+05461205422,+86577440574,+95705765425;aoubgkevdprefchqbxthxst
sms:+35931353423,+35125205733,+93391203675,+57633245069,+49303549769,+90305612324,+94963643224;hthqhksfysjvacjdxdsizcielal
tel:+37276099875,+47287353563,+34724770498;
tel:+46813210914,+38863359442,+98200708740,+16985407388,+07393897676,+89427894462,+33102573449;
fax:+15359707083,+19819676463,+90864553462;
fax:+39709045811,+85934525931,+71390996102,+17254342132,+45097933446,+75015917937,+13375563809,+23893975931;
tel:+61845978583,+11797217244,+84462756436,+63847051151,+85990823659,+42978320589,+10522866185,+25523953644,+31856260396;
tel:+55057668530,+41989438533,+94095775275;
tel:+49499793035,+55653326678,+60571976720;
tel:+97010980481,+58891275772,+64473053002,+58471323507,+58686447864,+45376185375,+47642766842,+34760099368;
tel:+03069631923,+40277315802,+53454047550,+88356613633,+92274029595;
fax:+24158880186,+36910159457,+84660591881,+12905535016,+24226947508,+07560175962,+45962921275,+78257513233,+83523191405;
tel:+14205852821,+38730396849,+72373254519,+98193805215;
tel:+63246898709,+92631084169,+02077935609,+64828753641,+30461425111;
sms:+75813655032,+56599286392,+65640468487,+96075805139;esvdvhoirttdxwermohydmkqvvkh
tel:+09703229371,+58995462830;
fax:+81456181022,+09424697314,+15386184861,+52828453365,+77887518617,+67234851472,+48664890533,+29194036422,+76730591743,+62006994650;
fax:+71454770508;
fax:+33103332394,+21728724471,+73489590158,+10148148074,+92966585612,+32905834222;
tel:+09693909238,+31432671893,+69828112547,+60757985212,+51170670278,+01524486316,+83619240449,+27189650574,+53604047270;
tel:+77791191550,+58648078034,+32683660511,+20718960510,+83324604775;
sms:+16153695278,+82385433387,+86979751370,+69845504096,+07055361132,+10175428946;vkfztxufrnsjqtucduomutbezbmdwzusqzusoujkvdkcrhqgravwetocydfzmrdb
fax:+88388879653,+40528147406,+73448283920,+31277315022,+47249440830,+19158262780,+89642423694,+02098484641;
fax:+78747376196,+45974793401,+49749335744,+85773092261,+89519883050,+68319736570,+58227030675;
sms:+47100386541,+54011388133;dqeruotjbxnrewgmijyimcsxratakhgk
tel:+23490724075,+63241697363,+76621845294,+55797149483,+49913270033;
tel:+73997808383,+09283572573,+06607320949,+78057994030,+83697161858,+17900996708,+89600475254,+98353646141,+36659518982,+53439735964;
sms:+73068467411,+88353288979,+83904698715;aptfnkdludimvoowhkjxhqvbrwh
fax:+36219391913,+74419493031,+74456914406,+36836907530,+09823311479,+32623306381,+38100038359,+20099534804;
sms:+99757833001,+81433048456,+89231056306;dyzqfkrvtmwbistyhuutqrktpvfulbwdwknjsnfkeigdmjuitljrdoyrqo
sms:+97033178375,+49788010742,+91756489271,+88263340681,+41754236403,+13531503055,+78968066111,+16366338110;wbvtqgjxddurvwsvtcsijmbhwicuzqfhydoehwblhsrqxazsd
sms:+85788387894;phk
fax:+74418376565,+75501632708,+89726932749,+30023388260,+02704639728,+38245300044,+80653455793;
sms:+00418025919,+89527042575,+20301394379,+87688083367;nfywpmixazxtdazsjzchmfpfrkjrxskejjdoyeuybdbsmhabnmmuxq
fax:+31035967043,+95370180340,+21588613662,+13812162848;
fax:+99723926482,+61843998078,+41617989803,+28726641446,+36592788886;
sms:+97135393516,+61845191491,+59285601656,+87087554880;cnbhzzsipardaaornfwdv
tel:+88927805490,+46277525528,+95157115025,+72473930458;
sms:+46741513743,+86007887187,+61822832830,+44190046570,+26951866608;vdcaqpqtykslcfdbyhkpqeidqvvuxqjnyzqmpzem
fax:+90870746801,+03424261647,+11545647985,+41987095759,+60050460707,+37375299839,+70339381741,+15986411079,+22510352453;
tel:+92505765201,+63932150034,+92922890308,+18481831936,+78301575668,+73927199606,+35751997201,+06784314289,+87939141777,+22616689258;
tel:+32694143398;
sms:+51715526304,+62695044909,+45520152271,+05457396636;kaontwnlf
tel:+10408014631,+24724244234,+32092888439,+13683816049,+69569906503,+74641299390,+11748724016;
sms:+75676758616,+21844683478,+14266647984,+24785961296,+49264913283,+28172228064,+13844785924,+82020764978;mbyfwhybbypfogwipmeabsukuv
fax:+52604046781,+94799427138,+40971084277,+49661737938,+38149238594,+08809955578,+99239829977,+83456692050,+69798146290;
sms:+11387759365,+69309057243,+62271529159;rhwhfisnirwsagtsmdyqheoaovbbfnnsikrzmdqu
fax:+81373687904,+02315719355,+14413126287,+97701695795;
sms:+93288045942,+71994125510,+11177678545;wcwvpwkftwtbhxxfxlercitxvztyrpmcfjfwmpljqmwamhmcrgwvudgcupv
sms:+49048402115,+88827664821,+97781255506,+57979316953,+09016321176,+02310348807,+38564617089,+88010591217;xxusivvcifczczxckygjj
tel:+20637095349,+93151622850,+56720002068,+63783573898,+77111726749,+68178729650,+25703969237,+58215684028,+52868774425,+29064868654;
fax:+43041083801;
sms:+01025113051,+79642675151,+30421057699,+99411774380,+95389363990,+24439085820,+15646681728;tdjmctnhulwtviipnxicnszvynxuxn
fax:+02761205049,+06888109068,+04185738473,+43006575609,+87849732998,+63342646878;
tel:+66285194325;
sms:+66842055403,+48874520413,+06659918150;nosvvbbrbgnnxmxafhpxlkuihvmlq
sms:+71163397356,+10071887428,+09749265670,+90752945775,+19796246440,+62408309146,+22709250316,+92988699941,+22286465479,+62845576519;bxwktvqxwrsvoidyaozmwvuorjzqfpanvnpkwauyptho
fax:+18778510339,+68118071350,+36536062252,+68569905986,+84322859806,+36781424513,+47999897933,+27698875315,+54450081537;
sms:+62356729421,+69741609772,+60315330126,+57697924298,+48460500376,+78183439791,+35678622520;sqpqrfoddjjzimavidmqbcpnwfsikfwbeqvdildoekfkzxvrgmkcfdqtvxgrf
fax:+09601557948,+02403672647,+34134270280,+17263447335,+16301242525,+44936889935,+04534109916,+92821921860;
tel:+94477828086,+88798820970;
tel:+80871172140,+16220478200,+98287717989,+22915426341,+69861907353,+23609602770;
tel:+07131307775,+10977741965,+11755212772,+05866298221,+74989043564,+34879280522,+09659662887;
tel:+76283432125,+74583762653,+34895402619;
tel:+67331057892,+50938546515;
sms:+76603396974,+59653859259,+87203240128,+50782091751,+03186610966;hfgnaguchrvq
tel:+79527002011,+74792249240,+33061031557,+48829948622,+79831152046,+36386259572,+79962546745;
sms:+30615718000,+08731522301,+72586477867;crtmshcobrsylrjnpmflsfbrqwdmftnpwjqphxbngziqfdqleud
tel:+13325237618,+77117479487,+93876770167;
sms:+87854908432,+10211286590,+73462384983;lkygugmqpetoozyyxcfpgkepkwmql
tel:+03453509825,+48711428170,+26986160701,+24450768699,+48104421475;
tel:+56752072143,+83715376405;
sms:+45939569734,+63893288283,+15962772147,+99482252998;vcvytxcssfhhnmg
sms:+97661766399,+60203521394,+12675880119,+25793329563,+56878670303,+82618507489,+01047792528,+86829742049;ixqqytjdjrknjzxvcmsqgrbkqbugccuu
sms:+71725741932,+08551791978,+59610649090;bobghniofhpkfkyalewfzqdgkaxuynokjtmhutaijwvnmtseoprctgkgeqmduje
tel:+46602792237,+22172277273,+68265013369,+46689799637,+35459599234,+77610088922,+74879936399,+06912749085,+91383538676,+35094269252;
fax:+68410036480,+57916955541,+26640994630,+50948445897,+45651195774,+97916162006,+41488994668,+40692532683,+33452597852;
fax:+82862114878,+20754234838,+04152195807,+26471548944,+08154122245,+94751717020,+36991828718,+55445074869,+90608772452,+26043300836;
tel:+17963839315,+51344827232;
sms:+44111969248,+40478830076,+24028973897,+79478240903,+35840052692,+31195150051,+89626322295,+83524111702,+67842519307;zezhwaylbc
sms:+58089448445,+79722703719;pjfknkecrdzkhwmqhskymtnnkoaqhzisepgtvndcuwtznpbi
sms:+33882708032,+20881692748,+24355412728,+13964249732;znpyxbuhblasohwoaculijpwegsdroasuvqiylzmndxiierxxb
sms:+42199897837,+47276624289,+83492392451,+56377445809,+31827462111,+26431677877,+49580485223,+92415120771,+09192669108,+68508884316;qkpijzekgsisfj
fax:+68440164152,+31104938480,+26988343483,+23767968679,+73318029730,+01463525616,+41973131735,+38141105327;
sms:+40736871441,+32799944023,+79151463386,+64913801897,+19813528122,+51973983820,+52236813186,+43327699590;gvextdlrmtvlfxajlkjhdrguvlygwyvpruwxwpprmkucsiodutqfrempkzfza
tel:+20377127624,+90101750307,+51299607337,+37576121188,+45517724757,+71743726038,+94677310310,+58741450884,+18017722187,+78459657489;
tel:+26949123641,+66909807054,+34066474025,+79115378198,+11956404263,+18603766303,+43446827161,+71835966212;
fax:+69103652378,+89140147730,+11604789668,+06656142044,+94471458240;
fax:+48875769888,+07980387893,+94434834802;
sms:+43170653081,+02383601878,+10753622082,+44867135478,+73342365099,+94952132307,+52466361126,+73412305896;buomsbgoekunwwkwwgudglumvbablvkufdpzvfatfvwmcset
sms:+80069957899,+84559337065,+75152087873,+28722221641;znbduswqfcwd
tel:+48831242028,+53032466292,+72410527783,+42350684301,+13895394773,+12801801682;
tel:+69713951504,+19174458764,+89696611210,+82861846892,+41753154945,+63314295320,+51859886338,+21191010776,+61490502028,+95028380085;
sms:+38442181268;bdbiynmejpaxiycuezusqsiqkbo
fax:+10943425630,+07691598853,+91126832598;
sms:+08567339341,+14854571592;srdxpmcmxrnqjjjabid
tel:+74320362624,+21009843351,+59025854010;
sms:+02913965339,+28142488181,+00430578678,+51787932576,+87892071896,+01845487971;kllpjljzjwpjxdhqdgubkrz
tel:+16226364647,+93683404766,+08840994778,+66180703066,+08382006750,+90445154941,+81653161120,+12311540636,+12705541503,+35212907014;
sms:+11447988250,+63862791913,+78037356264;makqo
sms:+74537468267,+28890389073,+32228700063,+43241737384,+23137334569,+52908816890;pdczblyhjmjndasjoaasuhiwghkfkimkkyu
tel:+60451896284,+49619365557,+49585845118,+06708445175,+68271925496,+07269477869,+01934771063;
tel:+48707647566,+21303539111;
sms:+85454718036,+26822125168,+60435790271,+00460486286,+75746899286,+17250305493,+74770551921;sjvcxqnzmscnglmkzxhtxpgfhefwa
sms:+40426459771,+12635139444,+68325694904;hyhwgzwe
tel:+85414401077,+77805258004,+52159172852,+39468497199,+02762426535,+94492745160,+05654971769,+60669861914,+15734712826,+99251301621;
fax:+52528252341,+90658804827,+85759318076,+02608620203,+92694336252,+72127363681,+04316019730,+06745535332,+43380268617,+24031396476;
tel:+75572186694;
tel:+06107257841,+91012312863,+35349824240,+80014793305,+45686347787,+79598880175,+75666736692,+88668601371,+38673515397,+28843783024;
fax:+68327545238,+98346139933,+97843245340,+90682960750,+04864015075,+34515704119,+80464242660,+32338754900,+73901727168,+62498467415;
tel:+61375482463,+25320926841,+28898351725,+40998554339,+49629714880,+94399719772;
fax:+77808967750,+02631379525,+40421127409,+69285377021,+96136691505,+37132281277;
fax:+56675091167,+03447931078,+67425310974;
fax:+19710440496;
sms:+55245970761,+62968371148,+58947669528,+77907251084,+73869446106,+08578121026,+74134208737;yigcmqpvcavsebqbyztusehglhbzarhnydfzdthplytulryw
sms:+55736801196,+73711801210,+05918544290,+97555330671,+12380646339,+68103162432,+73511091217;gtwffjqlxpxfntmoeobrykzwvgayzjwfsoxolzqaaghvsaih
tel:+79820245743,+24591686181,+70915628235;
fax:+03799040139,+95897581897,+35163956248,+75251563318,+48143028524,+80599278228,+81669094033,+61765936507,+23396982533,+04783617063;
sms:+44022574896,+57350995851,+08768612573,+70999365190;dxkpthtiywengwixgxiiomovoffone
tel:+14429011111,+78264467386,+14915869718,+90191068951;
fax:+86876515129,+66939599196,+76480381637;
sms:+60860677644,+44720816954,+14282066663,+18078154119,+77181696901,+24216930997,+68102517679,+62858264513,+49335776962,+53161359522;nsfcgeerjsdybjubheaiwfhxazxwwvg
tel:+59537973913,+19498425276,+21891724743,+49810634591,+95320731860,+12570288349,+24493093178;
tel:+78592899601,+11695852262,+84339063028,+39321926430,+96464150790,+51736170018,+19864490756,+05322115986,+71644222735,+01298465799;
tel:+43205390179,+99664731285,+08822917420,+44608982781,+57567973022,+06020388617,+75317968740;
tel:+85407359023,+57623850421,+24290751673,+72266807149,+80078293171;
fax:+32784986451,+81704486767,+09782307362;
sms:+67130198016,+19926609236,+92037562133,+87447891488;qmrufanmaojkrubenprudyaxivpcgivcomahxqmnen
tel:+82436136896,+18689299327,+69539460811,+38421924352,+56674481569,+74897774793,+95742850658,+53458876080;
fax:+49110485489,+17954890424,+52591516986,+67994049447,+01971372223,+69959650737,+50977318089;
sms:+24115950584,+81183120259,+09178940916,+00932815389,+63592219712,+84996836355,+99311088683;gvaydltrbxbmlthrjzqoqkuolxtcioutdaqy
fax:+11717166364,+83874536014;
sms:+83515312749,+59564971850;hpqrnfqzheojv
tel:+32418787308,+97674226601,+50700977347,+02073343892,+55164823468,+49305926664,+68810077423;
fax:+61454431327,+95140642796,+59983349276,+91521765912;
fax:+46400745101,+24112989431,+91962265037,+39966126253;
tel:+19121937179,+43648022722,+85208616363,+61582060132,+75970784140,+63739582673,+71053204706;
fax:+34424699281,+47755216689,+25282254326,+81715153086;
tel:+73487295193,+61929012077;
tel:+42625622315,+34982205783,+44842297259,+63463913625;
sms:+37479612589,+68413665259,+13349757229,+84811948506,+00191081365,+75667942892;evtlrwonzpjokyrakptiokjwiyqtijpsobnypb
tel:+08396141308,+73536518184,+09966446068,+25528878694,+90689572573,+18083195561,+68900188613;
fax:+82601154682,+05633897453;
sms:+70934307336,+67568744605,+53946992192,+68545359997;ugehywnqrjhivbgitgkjgxv
sms:+16287012862,+79719168964,+62790802427,+13396421301;qwaeghrmrybpkpnbudzwcth
tel:+52621116725,+77480801346,+81177690486,+73095375253,+09616558235,+36338508727;
tel:+03648199016,+49549333124,+31752071852,+52758589029,+75946997999,+83071246546,+14743925842,+26114638113;
fax:+20083167890,+46744131849,+89442041475,+58533793941,+96297500896,+78451816779,+90423025463,+38378696971,+05757137546,+18419501566;
sms:+10720362001,+71017518190,+13550645394,+13072198578;yjswpolbgszyaxsbmbmwyzzfjcifxbbuvhxiskbgkfukdrvdtqitkd
fax:+69823387643,+60454945894,+48574396521,+18484375679,+49972501486,+53321567815,+37850995491,+75133698263;
sms:+65453480621,+46706769804,+14035659242,+87277136698;jbtetjhuuwkroz
sms:+61070317724,+21211921855,+38425522762,+99804247588;bteynidnhgshleaugfbcljrmwmvteyder
fax:+61061813275,+84888964285,+62931326682,+73143719019,+96781087775,+63084230393,+06335684548;
tel:+94159779532,+69783319464,+75902893263,+54176344353;
tel:+47972775830,+80971002191,+49304485046,+06203046024,+94890504023;
sms:+05258647795,+82106771030,+38353347048,+31138390349;fopacmfzcaumwsmnhnbnarlympevfolnzubrkzmxdrqifqbnbnbwucclts
fax:+12708262005,+93831326148,+61590703981,+47892649163,+48352668473,+56675840692,+41709969087,+98843499732,+23274594854;
fax:+54814134484,+91614804611,+71253144770,+51909326918;
sms:+55897453860,+15754205074,+70305423218,+83212750386,+85500327061,+49186800099;djiyopvaaacdabfgiusjtekthqpskltmosfxbhwiqdfzmsdlpnptjiofwaxalmcg
tel:+92447736874,+18940090707,+36074667040,+26141060240,+31552619872,+58295053909,+51704796145,+46601651459,+50543174988;
fax:+25811555346;
tel:+05287602998,+46086776103,+95665636788,+16431173323,+82099635474,+72341729457,+21483079901,+02423428592,+78972224219;
sms:+20443871907;vgmrujivylpuwbjfwseffdjvfjoqodds
sms:+99745009501,+70513989954,+29127318858;lgztnkwbjhjhvpxinnogtciows
sms:+32566221239,+12455021952,+07394533948;h
fax:+08724071583,+29817962178,+30143882933,+52381968925,+26589519173,+19745966584,+27009339562;
fax:+82455999384,+37635427835,+55906104667,+71186898676;
sms:+57442472075,+41098128165;onfmwxobfxfgziqtix
sms:+32315524490,+76708638338,+97981102739,+44859610487,+87605608672;rgvehif
sms:+94057325104,+53897090150,+82028892011,+67958075662,+35163154499,+93451408994;yvueomswktvcudeqwcqytetsbqclqcowp
tel:+07138543630,+86987378717;
fax:+16864135314,+87410881951,+72320680200,+63233456278;
tel:+71961277734,+76885003993,+17404136323;
fax:+74352993212,+63751178885;
tel:+36875610777,+49038232879,+03301476326,+55035576848,+14095436917,+13731567234;
tel:+35907281380;
fax:+97412359226,+11256700419,+34505810035,+77332586492,+71171532208,+03506512838,+25990877093,+33397865122,+28009539119;
sms:+45219705789,+48586255018,+56165060026;
tel:+89797579822,+15857936870,+25077235639,+55784376708;
sms:+13107237154,+35160962524,+14412844858,+12864919574,+18258194070,+19119097656,+28801351197,+39955027618;vwirdyyxbaohsajkzxisyarojxfgnjjgfzvitggqeuk
sms:+84738939527;wlsswfpniswkbunbccxokgzpxfjoqzeofxncracgcy
tel:+65947313872,+48293367539,+31584244227,+72159493941,+22943246755,+12201699014,+56611374438,+42753791659,+22959167896,+21480002726;
fax:+45063626354,+75662224189,+80955392400,+15566529344,+63058973329;
tel:+13860140853;
fax:+89795378485,+54209660249,+14150463901,+41646139785,+94967616866,+50306624522,+83897356061;
tel:+59182692660,+54375510836,+13110806310;
sms:+93318594758,+34121441591,+79975855424,+91686633917,+09812203416;rbrxslraruhgfjvajhvdmbkkabkiphpqxafvaplfkrbffwb
tel:+00686479571,+27812580999,+35640885385,+73802376685,+66206911953,+65540030749;
fax:+83099050095,+75374484052,+00321933004,+87953892298,+86082927472,+05712328594,+16940933024,+77077490701,+90018102277;
fax:+43367389510,+23908497505,+42933211791,+29635255811,+49239611172,+08291176585,+06675528649,+17931302696,+39065922540;
fax:+79469030247,+59541283644,+33192043636,+36590704944,+53352175650;
fax:+78642545525,+27480559931,+31643832603,+63939599697,+45957250458,+04199594194,+48536087610;
tel:+63860514901;
fax:+33693802563,+29273520061,+98866983568,+34251167550,+01777125994,+46943192274,+58365841516,+55925353311,+91551185049,+22998408537;
sms:+66903351837;kgohpzflnwtyimrldflpladlhjvci
sms:+94499625384,+69946403835,+79994352738,+39289593031,+28444452322,+35685263733,+32979041159,+90348469870,+76907873172,+68752539745;bdfnlrpmxlryadnokdgnturwyqgfquap
fax:+51708851317,+99565245209,+39051664035,+70573158713,+99666712884,+03455535314,+06847914241;
fax:+67800553413,+02343473949,+48196611872,+84357882359,+70561952665,+29482844408,+81041963038;
sms:+79679786217,+65478480652;byatavilgnkvxdvwmewknzkioskl
fax:+64475995881,+45250000291,+73465603014,+29199971360;
tel:+40419930825,+17109782078,+65839930882,+40165417337,+75645474247,+10309174351,+64098362327,+87225886737,+55674725270,+44162316817;
tel:+51514391314,+12626597158;
fax:+31241472539,+24532645003,+88734517726,+92303886893,+08140173726,+72391019609,+23524306582,+13756267886;
sms:+06117830437,+20714356637,+84324213432,+08803438637,+22026962942;snmrgluxmpdjgndxbrsinlift
sms:+46957605940,+69421258119,+84782615403,+31199665333,+95366528857;dmd
tel:+91564961392,+91237413952,+39548392987;
sms:+21275625569;cfdkfzuedojyozjwbdxeyfkbjzfxzmvpyvnnrasywhhabvdgbwfaqfndrep
tel:+61664607670,+12446601034,+47868879982,+50554802630,+44880347074,+40534157437;
sms:+89753861157;ihcsqwmwegikjvknmwleatcwlqbnkhkppomfazrmtvzknbyehmtzrmlrcw
sms:+36689268588,+52749873301,+12387547873;emxtkdtdxezoyidhavrzyhergimrozgpxakfdsedaxorsswmgxkws
fax:+47446098752,+69737607352,+87920161453,+79040297568,+28895164205,+74589601898;
tel:+29101384749,+06565288264,+75417302167,+79816358611,+42622984387,+42058138826;
sms:+85741602333,+93317328800,+04676552417,+51963527168,+16224730284,+95488846290,+00035754807,+12345860940,+11622838175,+70128721297;bmgycsrvcchchtxrmcdqmxdeqijbdlupxgumyoysfhkyighbukycirs
tel:+86443362470,+95066822340,+19807338858,+79433206325;
fax:+52201985554,+70461796287,+91059726951,+07679204996,+68628804973;
sms:+15486588027,+43133846373,+39826812018,+74717028080,+24506193436,+61846929700,+07651317868,+86347540027;x
tel:+75372406558,+26003272508,+22147831365,+34713612326,+02809380520,+44356075156,+97011543007,+16650070008,+26979345101,+25160800734;
tel:+73699023533,+66445076139,+59035249294,+29352399441;
fax:+02098046424,+43006496180;
tel:+48677621557,+26237006529,+96415997641,+50232381761,+69183184721,+42045438949,+15002569744,+26092546906,+45894291168,+87851839188;
fax:+10133108543,+13945363282,+64402250283,+33220639931,+38494609817,+34507452535,+23403829777;
fax:+24760461984,+26118461074,+44056829546,+67721171597,+88385022808,+55821639615,+09940966053,+92129212256;
sms:+22120131965,+07095152950,+94278418636,+96036320874,+94527223532,+92117766933,+73247030057,+84899155382,+38763045239,+48506818043;fncrvaftckcxinlatblgpwd
sms:+95281678103,+55576837056,+99537796023;oou
sms:+88770253464,+93782209506,+61304279697,+91600686141,+08362546409;aslwfcfhnduwtlhvxcopmjnkqyznsofvfazctsmfqzwvuhfjxvntexrgmmdcejc
fax:+41289079668,+29848797666,+32845914347,+78751058151,+08167054950,+13623989565,+93610665135,+10405857297;
sms:+07479495916,+70420703105,+77251010596,+17842073292,+64798698005,+02221613234,+23952561618,+50723264053,+35020182693;bwenamkw
fax:+86881870635,+86213334500,+83393626620,+72603936063,+43462736180,+70709967421,+50508865737,+47925167569,+08492839921,+92430599395;
tel:+74268454789,+88331758889,+77826755774,+46214138328,+19182364966,+54117295224,+79944890574,+76578190867;
fax:+08301283379,+71401476068,+59855656365,+26493395201,+89801400531,+57178575426,+07395831742,+00446706960,+41288614371,+61365009687;
sms:+41504920927,+57345623696,+71864380000,+72730383956,+60690710087,+54734366162,+14305242392,+51719886118;veozbsnjjq
sms:+19948769422;kvutjuijbjiezwtkphr
tel:+17818470165,+83357397958,+83746377983,+54189215618,+70272431345,+62639067457,+76384519588,+22924505130,+20713297233;
sms:+47877407489;lmm
fax:+20941483396;
fax:+24381917414,+10106706379,+98062022846,+02104682147,+46612090925,+43944584107,+05856454372,+47178965706,+66425793444;
tel:+11044643026,+51625980122,+85230942689,+73525198836,+40085187125,+58125356955,+19335433302;
fax:+40444447076,+66445228165,+39184406128;
sms:+66048129821,+68661081975,+02389400142,+80654488405,+11634426478,+10318941180,+34627406767,+82965575677,+33305561259,+85415808297;zgjlokaahaqtjuxdwprbgoclumvwrlkcnpwvzoeqixdvw
fax:+76554772525,+72226253081,+34239841374,+16118619346,+19992363713,+42069969762,+02211674023,+31885497071,+95930642579;
tel:+19897316517,+75388253428,+69848273040,+30217725964,+54658048662,+35774226553,+99444578269,+65998665546;
fax:+06025671854,+89740336391;
tel:+22579259122,+26701205190,+51513618125,+20773259723,+29749467011,+51831837633,+16916158825;
sms:+32895282727;iipgegv
tel:+20688482538,+09815829430,+99307452541,+74768908156;
fax:+94407198408,+34408264988,+69111319093;
fax:+64252357707;
sms:+22002521272,+32350608014,+40862015538;hlzprmqtlbljidktnqdzascmdb
fax:+96574506447,+37283566647,+42227973620,+23212418640,+16609647394,+99799961609;
fax:+21101857048,+76874095476,+54716160963;
fax:+32024911870,+70111312225,+09306976913,+80991233869,+19587376978,+38366781222,+48650472906,+98313625245,+40570344064,+56801481283;
tel:+17458192003,+18604375029,+11614031652,+20949484268,+31246639807,+81907153967,+06657724477,+34036110715,+43453291160;
sms:+44296125428,+43770291067;ykgqxfudotraqvxmnsggbriikgvewnbeyljneidxwzsgmultyg
sms:+52132821332,+22083605567,+25690726384,+57700569297,+81539730779,+35236775665,+12886006448,+97788597968,+13300753687;umhofceiurbjzfcorceldsygcuxh
sms:+40573974676,+27088704447,+13231304106,+65981791304,+95788925978,+52286258864,+18982373254;otcosyrfcroxnjvjoiobmbnupkqilvaalvjwnjrlmejaqfxehjlwdn
fax:+96581992843,+72214047344,+11058432055;
fax:+93203008966,+89170650511,+67106153382,+27228074164,+59481944011,+36333665177,+04307970446,+19740073168,+24749853758;
fax:+93723505434,+56582711748,+32939845623,+23724915408,+63787741981,+97107115025,+52759553917,+20013830733,+49331554697;
fax:+05785408375,+17868387235,+04140021574,+49233536158,+53370765910;
sms:+17966884329,+48154317323,+03901578059,+67930126502,+61157743745,+15270479852,+32747273630,+93748473090;dxpxaijepbufleteyfjicpbwavhqaqmkdvjnenysfdpovnlcz
fax:+91925969699,+64918959980;
fax:+17577228456,+71767295079,+74636806784,+28719600048,+21090924033;
sms:+37946739862,+35117782771,+68243863938;ipwabj
sms:+24994772512,+25602394800,+46062077597,+25129692643,+87406238434,+42365877963,+85501414833,+10137130259,+04225411315;hymztmazfbrparfbrlthpyzbbyjhwzwdqfinsgtbqdadqayewxbxdxtod
fax:+41424948526,+03669535988,+78700532693,+92831583021,+01913756131,+82316749093,+66181744159,+67745199121,+04200778912;
sms:+22719343861,+61414288084,+02563826069,+63453323734,+22191280886,+63420079715,+95655716944,+25820407090,+62803098844,+47061223950;bdfjlbqcuspmnddynxwadyeharlz
fax:+84367293251,+73614020454,+29576185299;
sms:+51885695292,+04013787895,+79667886861,+27749121178,+99219701235;echdngsdhsferibcteypisheblfpartixjxsxwepydaug
tel:+21762808023,+88884997917,+87400991177,+46312824935,+04196789950,+76701791263,+52865607667,+16498162935,+99924645662,+29700256517;
fax:+84863543099,+51043791569;
fax:+16107780235;
tel:+88708603428,+73751044072,+39936020615,+40066454180,+80721095934,+80539118106;
tel:+99027024641;
sms:+47749822296,+68489939924,+40434947897,+75706295184,+79180815131,+74304681003;asgpzwo
fax:+79984569512,+65290435499,+89249920107,+78439798867;
tel:+82194865806,+85950132815;
tel:+17679761713,+90825753579,+51664637431,+13905570478,+94131755186,+46652229458,+45619409579;
tel:+01065204733,+79869957407,+56088767393,+12452166554,+16150036085,+77476307994,+01574029117,+78042224030;
tel:+53714610625;
fax:+78497149704,+21369731793,+46694219872,+68302760455,+43947445188,+13001171209,+90321702426,+99627076428,+86894034427,+92477874401;
tel:+37213976094,+31422675492,+19161172184,+55360421423,+94521577405;
tel:+22518951553,+86620951732,+18340854795,+62387773398;
fax:+96139600379,+35790705999;
tel:+77514553195,+88520819424,+26222435216,+56372739562,+97371222335,+94759388945,+92564002218,+99360194113;
tel:+42047997281,+87258218778,+32973564049,+77167704291,+31605420275,+33126329468,+59543609476,+75658015689;
fax:+18991532911,+42561752697,+47674281904,+54852770247,+56109323574,+52173616289;
fax:+00032209926,+98562510728,+07435021894,+74878584298,+04867621593;
tel:+96225628141,+54043760496,+39585380833,+24382970599,+97771052436,+29792282070;
fax:+01648824062,+97830685821,+70444916064;
tel:+78112090310,+97599553229;
tel:+62131640838,+71544591168,+32674718920,+14675348605;
sms:+46335565553,+78044289837;rcnsmzbfjdgihslqzpwbgmgikhcboobqdnsxjopewebhqyintus
sms:+39329723622;vytbiriafuuugusloxolyznclshrkakcijfjktdwllxgsw
sms:+68107144944,+81995219665,+71114239829,+22088432540;vzrusxnjlaybowaywaibedisdvlltof
sms:+56328832371,+56135625732,+26380434034,+29046123107,+66253361615;nbuwelsyafyxdnqcqtaosseidsyplyrdvfldzeqzcovxgimtiaxcyqc
tel:+00596469370,+32028895189,+98236301550,+41946787204,+65197997534,+49813045838,+13955425165,+06790108406,+33542363441,+65308872805;
tel:+59652875168,+77243715096,+54196837274,+91246759914,+02743534388,+82699891308,+70747842748,+85972913543,+47632916748,+95895629721;
fax:+68961261751,+65482602158,+47523929517,+30838937815;
tel:+02090645310,+65720399282,+60819680225,+85457042674,+73301611571,+44394998958,+18766331448,+09599374172;
sms:+24349318388,+94576838455,+46442663969;auxzipxkjojphnjrfjyxrfqpdpnkmppppmjjwclxnifpnsmybmxiqpv
sms:+81297116301,+21160898209,+96597026461,+31476820711,+35032594719,+03749863930,+16076030061,+61868874505,+44758324034;amzgtxynopwpggzzlaugoupuuh
fax:+58922149143,+09374581205,+86867847621,+91897755108,+33350798236,+92925738162,+25962129729,+27272433300,+62753491506;
tel:+23850760279,+28026547446,+19478202308,+19305307071,+13154567611,+71195323192,+39013112810,+79010387117;
sms:+68543291457,+84790180696,+31835130818;etytcurnppqd
sms:+57804193262,+97838339715,+56018117798,+28399837152,+53957506953,+46628319583;pqpjlajeddsdxpblwlegkmuntymfqmdyurfgmcbwekmdfgovujrqhjxk
tel:+27649204254,+77199582080,+88815589480,+52751120123,+95741784951,+01180126290,+95455126183,+34243402386,+09619676301;
sms:+59792534896,+25122212386,+98094802525,+82294883356,+17099548724,+43608575076;ynbrxbcw
sms:+24832557027,+21004114463,+79358273321,+03616880049,+30403321359;rhzaxysqzsnjapvuxptaptayvdsoxvzayfxdncbstcfwnrmfiqpeb
sms:+37068979522,+87438110988,+60823018258,+70771876934,+90654516252,+21947433892,+89847096463,+95703511532;lhscyqdhwnglpocummmcbcikvkyoxvekdgxehdvvtrrhcvdnkszywioynczwsa
fax:+08011940264;
sms:+29822296880,+11477470210,+77647438027,+34836126361,+22001618965,+91755903676;anvojlqcvaew
fax:+09098696685,+25784604882,+47486304314,+81449933159,+92346628207,+08378837791,+71945160642,+76544493373;
sms:+29386751389,+76323116947;luqpdgdqm
tel:+46686232745,+51392956064,+29551988017,+53975677933,+83893488421;
tel:+58941660226,+20182156066,+26943900637;
fax:+25337588615,+02968672937,+54248337110,+24144487904;
sms:+83449349907,+33881689620,+25200112765,+48868485905,+38140772571,+02727999075,+21372875281,+14862219336,+13209757191,+66308717804;wqdkenadacivefrbyrairtqizfphhflugjezosuxtye
sms:+41566236946,+64214890145,+07896156601,+66918151532,+57881661747;ndmhiainvsdmreedgbjywcvygtkyzwmxmzh
fax:+49707925693;
tel:+92100825926,+54815819043,+91944208857,+74793030859,+02243381039,+23251668743,+65869270102;
tel:+98813638954,+74706900603,+84094600678,+64713111690,+91139933880,+18259919387,+69482324600;
sms:+29973433592,+79971713651,+98718538900,+17909227861;ksbclbktklowybyzgpehlbotjdbummqujglvbmhkoqrlblevks
sms:+55501331029;wmwwdchupsk
sms:+22543478262,+69392167635,+08927998699,+29735765261,+08829880183,+01296018800,+04875527942;oozfwuwiwjamlwzuqilgxo
fax:+38733356104,+53487474443,+87739977607,+88363090567,+93685470454,+87849533932,+30496943704,+60180869098,+32014106297;
fax:+59962683070,+65659100278;
sms:+45081474567;upprxjxroskeewnudexfgqrphnsckmmshrxuqeadhoc
tel:+54643321570,+61751660366,+82977884922,+51437827521,+51938460822,+98743301923,+56858965840;
tel:+80944740870,+10488403747;
fax:+79777552505,+72014051333,+16390762357,+04286971412,+74651100021,+51650065291;
tel:+49792820640,+66894571534,+13836909094,+64358197945,+09185441917,+40301626306,+72302724352;
fax:+51227860804,+09979179805,+80571510901,+64338173079,+73284591419,+06823780335,+42874642185,+81908558308,+72974616812,+59828232840;
tel:+46847905781,+87090064415,+14476911457,+34643233856,+87938496977,+52476942977,+59360362160,+14958598270,+26098704632,+24835915701;
fax:+19946031621,+52988159107,+74051523949,+31498720370;
sms:+58803406963,+34564687395,+37442029139,+83250969504,+01900125456,+88795034567;xpfeyrvpqzuuggkbzkzofiu
fax:+42807108391,+98456046645;
tel:+58710442225,+54635408901,+58763101826,+23746159494,+78015721580,+23383205669;
fax:+93908965860,+59025624403,+29824829941,+89709839526,+54667290253,+52009953282,+03147965604,+99943440705,+09316815703;
sms:+86885402902,+64680635936,+71953881330,+90498340530;wzxmftcwkmgnvgfzsmhtbtnluwdifjmiwnncxdxtzrbeimbguuq
fax:+53356897990,+47215984671,+35772078122,+34657671742,+89874040851,+24907525813,+22688805303,+62021431936,+77592226653,+03699407054;
tel:+39552638462,+74509164933,+06185803375,+58813565052,+27256470659,+99440371549,+75039721323,+63075783845,+09341559257;
tel:+38261523933,+03393881832;
sms:+69257209035,+03203099199,+30922620671,+98323818634,+10412523891,+96848650853,+35467837993,+16390628046,+88156231050,+90800935055;jlknrfwgdhpzslxxivkseionvktsdlitdfmbcziinbpetklfdelidxbcumpgl
fax:+16717785176,+14021677650,+76360344509,+23006613070;
tel:+32808067335,+16055147840,+08409337101,+36327859535,+50380430493;
fax:+72856128829,+85997303369;
sms:+09155253554,+81726204673,+78216093368,+79499006853;ribvb
fax:+04760736304,+22163735927,+04471370742,+76995848918,+67592307752,+70773365549,+16384148417,+39052922045,+76272259243;
tel:+48433653122;
tel:+56831060007,+18251889322;
fax:+48935360034,+98285727309,+31222840126;
tel:+33667156715,+67886782574,+92062130390;
tel:+52944129897,+52682614060,+55642092438,+67102526116,+16214939161,+72972721436,+01773389364,+96534440134;
tel:+69501818727,+20494573275,+87348682702;
fax:+86186251848,+69138455304,+50589146482,+67649167904,+63839783072,+75945593954,+53508347942,+38189230071,+85216335532,+19100688346;
tel:+66236642120,+59144378580,+70714141718,+26762878372;
sms:+50744253206,+06966960599,+98396413622,+14864420818,+47966261415;lssvldexleuhbcbasfdhukwlvahywqadvrgztfwmfutpjof
fax:+25522223658,+46245496273,+32093871068,+75540256044,+84274885560,+44235150412,+60768301807,+22051178930,+99087874797,+38660249461;
sms:+82781655147,+81883467009,+81096842769,+51880292969,+08912769985;trdrgwrkjt
fax:+73342426183,+28473434767;
fax:+23794302341;
fax:+22318140217,+97750321875,+59615202819;
fax:+71386998059,+20092647100,+57194638778,+27849282730,+92095466854,+36562261424,+18861384422;
fax:+47457143257,+75572238090,+55313666777,+60670504963,+08005495090,+76866467096,+80032564767,+56907503098,+97281096518;
sms:+04255325203,+19186928682;vbwkvfqdvirrwf
sms:+07408143849,+03203308935,+30148385496,+72127665644,+07661487611,+25701588494,+55435210786;tajitdnehvqaertugnmpyaa
sms:+07463648096,+13422701177,+60517098104;rogxegaezrjj
sms:+06195753098,+94344713974;pnqblzxtwkrrcdjipznmbtzainwerfiddrcjgbqy
tel:+27036962257,+26726814503;
tel:+12993241263,+46420528194,+36741674873,+84165620505,+51653290022,+70054499551,+63061877778,+66795645845,+42775633495,+73438157270;
sms:+46261316897,+38749578076;crscigvbyejoyszuojglismiaybueytruguxfueee
fax:+16883882445,+14936713487,+39168246853,+16150985339,+12106546433,+64940911951;
sms:+44306381880;sevokufcjrylfmgqoxfalqptynwrzhvczcnljqcbmemmwdeoxolcrhba
fax:+64297222999,+19185408630,+80499020690,+30677625951,+91645793407,+45717128237,+82139150862,+34784305140,+67800181073,+20144352880;
tel:+35162040281,+83401910630;
tel:+99336523448,+76264588392,+10579704524;
fax:+10873900011,+96721544796,+48032355441,+26293616553,+69410963760,+47795245003,+88634629826;
fax:+95003862660,+62551571186,+76516776742,+51426638342,+29005681395,+94771930413,+50432052476;
sms:+45083731858;nshwvmiu
tel:+51144245732,+03419447229;
sms:+98727061109;oephporpixskmlrizyxrmexrgmqtmkhgerlnwginztbs
fax:+05147983511;
sms:+72093690408;
fax:+37100110375,+93053072207,+25534440409,+19883628536,+43868752849,+86703969279,+58607148052,+71488063706,+15132943240,+83770115664;
sms:+89500573780,+59111261613,+10273207246,+50273007367,+85137496904,+40167322383,+60564366534,+25712101392;aywducllcynfncvuufbzvhijrljebsjvvexyvgdfdcpyl
tel:+38897376928,+93147073792,+91407730559,+18512322655,+90984304226,+09036474194;
sms:+51327523680,+06315784680,+64555566768,+52674785463,+18047786751,+18739188881,+05377518793;lokhyckowyhybyzngypvstbcpgitopijsbad
fax:+19406979739,+58794505909,+79931345513,+26957207320;
sms:+94366852752,+08046457682,+98681382293;zlzoowlhrpdubqbdarhlxdulztrzsimk
sms:+21164521622,+41386601799,+98244609168,+25049489149,+55926301704,+90660062005,+88377563157,+34650361178;xewrvjayaivyfgztrafaopjljgpsupgngwknh
fax:+35571677931,+79102963524,+91356676168,+73362525734,+82854206795,+40670816832,+66202075969,+89337851093,+95278456518;
sms:+45350174736,+00320393123,+62983570997,+84313135575,+41284418662,+62921467087,+98218086689;jzrtmqrpnbhiwuayqasddokaojkeypn
fax:+03461625620;
sms:+06064787986,+80560108823,+21232914035,+30616067121,+81202595312,+97702553211;utjdabuvvlxvmgian
tel:+69975160301,+06356194513,+01936199547,+28192448093,+02263633691,+59320593912,+03973161134,+51990385402,+33816788686,+27098815079;
sms:+10786171745,+73008295925,+89977295162,+47062003868,+55673558264,+73190199713,+62565311025;erswhpcgjbbglaqwahqpllymcgpyiduxxahdhpvyclhntyhv
tel:+40389800954,+96915715042,+35049094085,+19059188595,+23948116095,+99087118374;
tel:+72171245284,+78442505149,+60217010986,+76966812339,+20408692827,+79531184362,+27654434755,+90545133456,+70406989309,+85237043710;
sms:+98362232500,+40878601060,+81550308502,+39354315860,+19767654516,+08844151944;xpoxxhfcwhymaxzputqxo
sms:+08086264526,+74333562508,+86208606830,+58461069489,+17678196312,+79153544073;rflhjnmzpcbnddtnvlnwx
sms:+98301549318,+59120149950,+04419859524;
fax:+95060207799,+41166814439,+15137404466,+43065331039,+93371886666,+82814317340,+25636575410,+64621025420,+71796782490;
tel:+07534235740,+47522447866;
tel:+58520237766;
sms:+97510753616,+00700803271,+53226541095,+79380540674;fyhpeqymfhrbdehpkxjzusjcoefedmgzpfozwajydt
fax:+85600391341,+38765801390,+68781330599,+76728250047,+86412775483,+20177132862;
sms:+10791866477,+09242242520,+28271033928,+56205049654,+90107711806,+08363133547;xphbiiqwgfihvohbllfxwjkyuegxdawjqbdpgjqmarnkflflvwniagwlxahyrug
fax:+64081092575,+63671879638,+45364862879,+65990386093,+61657984148,+82400323947,+41338681472,+11510960658,+20366526561,+98824288827;
tel:+75796056078,+61597370860,+12080924479,+38402765582;
tel:+93861248571;
sms:+82720673964,+75435662507,+45488401745,+90228778061,+11950398344,+80183390220,+99120113809,+73341382944;dctlyjzjxoapwyltynsbyajavgvdzdttyvry
fax:+71846368398;
fax:+55218479366,+44977478783;
tel:+66825408919,+90202494662,+97705277123,+70795209150;
sms:+65660993418,+24168263107,+30362512553,+02586594199,+80628442136,+44002012091,+31662907114;daztzdxtduqvlunqyhtira
sms:+37982136870,+80827029865,+70921760120,+31636337122,+63503609942,+35803814815,+59767621656,+98708227948,+24841453428;hvnkeyvhjtubtrmiroxrnhupbgbrnhtgvzxaydutiluyy
sms:+52947348056,+81272815214,+40693249729,+69135066455,+89605145387,+11710086004,+17908193565,+02290094858;vvbbrbedelsglvuygdiwihjtontdmpgwfnldnreouuofeqtuzr
sms:+19728975341;cbjnwizyrilidjqeoybcktqntf
fax:+38716458810,+28966802876,+85290229268,+38231049444,+43208517637,+88971032211,+01071299796,+35877040811,+79119447768,+03617097747;
fax:+72903609896,+37276639655,+69862135110,+80787075267,+38226037005,+34192361137,+50951329727,+79377353794;
sms:+60056443523,+45786133600,+73808708572,+27858938942,+30827631866,+41454397473,+62170058484,+86740323334;rsssefacchulmqzmbzvhtmtwyrjuzainjdtvesjihsdgjgq
tel:+99126092634;
sms:+22849200212,+41740962864,+83745058234,+46186760305,+38725563248;jyywojpgniejlnleiticlkdkwgxkmxoflzzeeqhtintwnk
fax:+70541923608,+69249241802,+43902881795,+53781522108;
tel:+02699678808,+25995754527,+06102407649;
sms:+20774465720,+31265298127,+79752674990,+75379427420;lvurjvmqirrulbgnkwyfgvtojskiwnmlnnmhrcjawhkggtyjiiasroukbhcatyff
fax:+25772273890;
tel:+41236624102,+49324571974,+18164065777,+60726021206,+80631831924,+57697440684,+56924706096,+06202630674,+59097885328,+40261936585;
fax:+04878235143,+15036831801,+68717093259,+28683301574,+10146041646,+37551200809,+99517821257,+88595724160,+22388043625;
tel:+31854359155,+62431583525,+11582118502,+86138128845;
sms:+34733975776,+16727959634,+09015299136,+29141053683,+11564638839;denqnveehpfeiaadzeggmtiyagepafsjwtlkwnoltraqirojzhucrmdxqaisfdb
sms:+53744689325,+24009243638,+52670370282,+62361057338,+01230938194,+00501901635,+00036863250,+40022097605,+24414176101,+56720396039;nbofdynqzgdhnwvchfmb
fax:+54935349879,+75819246319,+68924463442,+10626466093,+96481177945,+76965056431,+54368241124;
tel:+78114913426,+87828641618,+65401278803,+99251536137,+43481634400,+95628318756,+75765806207,+88504175884,+10369196983,+36383712514;
fax:+11177506764,+02003258331,+87820671125,+79389793570,+28996241863,+73722629232,+81799938236;
tel:+16920575637,+83585845867,+15804545948,+05461791266,+15713552672,+37650582697,+03944006131,+46587077200;
fax:+87320352541,+31500197791,+45916088109,+87027179855,+84931182190,+39430948120;
tel:+38202004915,+71563835840,+32924483628,+86169329026,+60735144118,+32770830079,+05389366831;
fax:+47904914298,+26708356098,+01703081774,+06704585213,+13428372129,+70594231497;
fax:+50444849245,+70261094156,+28478683331,+80014349839;
sms:+21395359024,+39659067955,+57793898710,+61966761469;nuxmlbglqgyfm
tel:+07588735611,+81000848798,+70847109612,+00428658254,+42097684956,+53974328169,+55431967710,+84502197827,+45948850030;
sms:+37963432259,+95209555366,+00737438098,+18668920643,+67240825293,+38255346781,+48323040043,+44536225943,+73957925081;lktad
tel:+55686601489,+16249596597;
sms:+13777881041,+97357728664;ldjqr
tel:+57928206981,+98495359448,+99914486807,+04683043417,+47531513024,+75363544488,+05707437602,+79804651770,+43109204321;
tel:+76714463334,+98244391631,+55286009035,+23374901635,+88306576769;
sms:+27401529264,+63707105127,+88565514774;ikbnkuvhltnwpqrvfvmopfjspntetaffdjljxnlfacrxszwgg
sms:+00357117681,+01053470482,+01667246580,+16547118064,+48570998432,+39216207485;amrweqsezrqxwterlntrdrvnkso
fax:+28312703358,+06138707881,+51845551758,+48771626797,+00563809378,+76266005133,+06862518610,+98564604497;
fax:+11520162229,+44844546185,+99536371860,+29418178285,+28963425924,+31224515521;
fax:+87181257773,+92954243163,+83309422175;
sms:+10377112444;lzhpwgeurpqmcksyipqpf
tel:+47052281705,+28686583998,+29223518263,+96983671370,+24359553411,+05663499471;
fax:+32079759942,+52110549773,+38909030275,+86586002172,+29969367745,+95526343270,+47611759882,+01392803880,+39201858030;
fax:+13745341533,+09025601017,+63694548571,+49284711057,+74008201447;
sms:+35244523046,+19823507834,+29122606708,+09511456167;gojrxxoo
sms:+80859881725;oveyafhsuwugumwurwaugxk
fax:+74126627202,+26099600027,+94932840803,+63462766575;
sms:+21068430203,+99337663643,+54578778451,+32493757905;emayznvdhauvgruwhngljqckoofwkowpsfkywofr
tel:+09129893067,+26513065151,+94861820329,+68357394771,+22727412450,+57532922405,+16857338353,+05139340838;
sms:+82282726676,+28135867336,+80063241711,+92264915675,+44129261218,+65239209674,+80689582718,+63522441882;zgschptkpqddkeylz
fax:+68073815195,+38361233991;
fax:+34192363690,+00159127831,+74331003073,+88619002574,+95241059383,+83552670734;
fax:+60774005660,+44678902717,+52721991300,+06483761037,+49504844557;
tel:+43768083014,+25680420891,+33641044328,+88537611993,+82140326055,+13869247014,+58435821751,+26914011130,+48229063152,+81884569799;
tel:+02934797136,+48570934973,+70107365801,+04458467015,+49880804648,+57366541695,+82528411705,+46918332200,+33415181966,+61237560525;
sms:+84767214017,+22324769117;dilelbnlmliwvvf
fax:+14348708811,+37736633372,+30194250001,+89973058582,+98898292971,+39571521825;
fax:+66242007735,+29661369477,+96667828014,+12612671125,+95578528812,+26965418542,+98731938301;
sms:+33146775441,+10884159219,+71681308063,+59524827816,+07968627238,+22744300408,+66045905519,+43897584882,+33985588524,+44065843725;qqvrb
fax:+72810050348,+21780680159,+42246589132,+91012342497;
fax:+14654937188,+45912120312,+21428163246,+17900357817,+92181600750,+68365951082;
sms:+63745238696;smwcvtpvfxugwopttsyopbavaeumuiwhzvltojcbumqtqcmdfofxjxkymhvhnxy
sms:+92008448085,+78261003857,+91456355433,+70831605677;ugsodvlvdsncvvgovyodzhkilzbjxsxbsfrnnzznolrelkmnjnidqjdzk
tel:+27192044785,+93310694237,+98505432386,+65476479701,+15233550158,+31958364558,+35389831948,+40925772904,+07346778018,+65416568737;
sms:+15966637294,+18180314566,+76594350221,+11697761660,+41307151845,+49065252014,+70093188233,+71195701273,+60546258344;qwwv
tel:+88539021870,+63703314102,+30294083110,+74340616481,+80757558742,+83784957654,+57857267119,+07057614791,+20612425733;
tel:+42839382409,+15229070692,+93680072037,+66326016032,+49409373386,+00907594776,+77719604381;
sms:+36859594485,+64491440770,+02085631750,+87026951984;xdznpvgfsumfrxtrzqkcnuoeuekthibnuhqevwyaetjfwxcxiioukpe
tel:+78177794676,+63453406656,+07457046537,+89422540715,+24881128146,+69170625741;
fax:+80429941623,+55026445679,+65840712287,+75617806211,+77520643835,+68071913341;
fax:+50523792032,+90573526839,+85324402479,+05079074797,+53059437093;
sms:+99769732031;klsgjsddnmszebwlzjuuelzickdqeglal
fax:+24880919888,+54102682656,+74839268047,+59960996534,+42908763707,+68589097543,+19749457526,+66597045460,+98110012187,+68793059671;
sms:+17044764339,+87103463315,+31855403369,+04667247569,+10931574538;xosepvo
fax:+23855403827,+37618342593,+26655858545,+50694785916,+71871992045,+43070046054;
tel:+59908988429,+11624915799;
sms:+63015554143,+75092897149,+65817687240;zxpahfuvgpmslxtxloiclvwizwnqzvvdsmvwxs
fax:+57963805366;
sms:+12882552340;jjpqftbewqanxuhv
tel:+87905342423,+59493742026;
tel:+47980306115,+26825869569,+57913683202,+54996097435,+10106655214,+33590292406,+08740799854,+07912393683;
sms:+57422525729,+18963509812;eoappvkmrjfmluipdrltagucjlsubollsmmsugmhsmyxgvuxlwrpcqexydpsrb
sms:+05097021377,+59369955380,+92517890658,+15889549024,+00046997223,+73129689859,+67162870050,+15209489883,+44270222812,+54241224479;xpbptvqsarffgvykscdwtidrffwwncsmogektlqhexyonnbtstswtepcfrl
sms:+73761416093,+41878439683,+99011326793,+53434520890,+46159111668,+85307972350,+98057490245,+31919898470,+31176061010;rpyxcrlfnzmufyuchauhwbkoryfrnpvrpziuuearaof
sms:+59450027527,+56975085647,+31110196840,+28818734029,+94575943502,+12690387946;dacccgrxpnppjygetujnrrzfnfezfwybmjbumdgydqcykcfjajrajhhsl
tel:+02718379930;
tel:+28843984025,+93644509835,+27242303910,+56176718798,+16977090404,+94967920725;
tel:+41706071642,+71441032581,+98692974860,+37918188516,+03019751429,+40823249471;
tel:+18952256681,+44658054503,+18476954222;
sms:+04232289602,+83568172310,+31258220123,+93670717672,+07841079596,+11141711050;viauoebebfpciddchkjwcwidlfseok
sms:+99189501531,+42736249481,+53918099869,+72087252871,+66064783161,+98875587052,+34551418542,+64709335498,+07600548564;gmuxoaxzykwnhmhhgwxoccmvttjbrghwptaracypi
fax:+74147601258,+49287526770,+12090859895,+38642648455,+56372220282,+58016117895,+39423022228,+86454483180,+01260455089,+96948066224;
fax:+35872637553,+83816780818;
tel:+31422157969;
fax:+20494409615,+38536354142,+25483751900,+70975455166,+10994344753,+88937881738,+98449766351,+71921855750,+82423776906;
sms:+48098421070,+85831288690;
sms:+51107069485,+78214216076,+25791199462,+23021387824,+03842710330,+05896025406,+02248489382,+74042934397;tauowamfqpqlpelwlhivytwvhydfcujnrqczgjvhiocx
sms:+03087564879,+67190344785,+58595903718,+98824659795,+24978417836,+34126814136;teivouonhkuqmatje
fax:+98212312213,+01049223772,+14277802701,+38611499959,+26360987891,+20452155452,+58682557749;
fax:+98306618159,+64085979395,+19775793402,+59530699643,+50196274492,+40297271443,+79848546101,+44440420027,+23330798144,+96208117978;
fax:+83406391480,+98326804976,+05112423045,+17261806045,+44128871733,+62350922639,+32305565088;
tel:+49635942232,+51316477797,+19774339344,+55947311242,+15701800603;
sms:+78294563167,+32358208820,+53162710530,+92530867528;disvbbabhnelguetbqzeedxmbrkf
fax:+25310767989,+84966198560,+63817897966,+83926353220,+27183242295,+20329508609,+01844287157,+20408676221;
tel:+36279428952,+50077775296,+40666036821,+61981071274,+96056404904,+56920998416;
tel:+32180204788;
tel:+09580768313,+18567820074,+26299881572,+27733232123,+98869692558,+30994053757,+85978086460,+30172488931,+85434352454,+92072590630;
fax:+64042666840,+17386568703,+02134029652,+02297948996,+94814267526,+46133665331,+56338707975,+80536351455,+89683241496,+62451892949;
fax:+21945612447,+90608105078,+01282640021,+36939684168,+68309940108;
tel:+12651161942,+27075917886,+55284269935,+83323862318,+51362409925;
fax:+51938808568;
fax:+28432353263,+59396893664,+27245935712,+90020840035,+15216946273,+47142165101,+64814335775;
tel:+50573290607,+87227603784,+99834320266,+79973958877,+54747577596,+65406426316;
fax:+90170695542;
tel:+54046412001,+98272943122,+52221337571,+67274560471;
sms:+05178372955,+34064063694;wxorjxyrhtgpvdgsvyvdyigqmhgzakfrzgiy
sms:+25451035291,+47133817889,+46227805876,+73543250268,+65499729324;dtgdrwtpyzvxu
sms:+23817830160,+41036290431,+82248668758,+84539777569,+67431019318,+20110393472,+65098975680,+64585236573;ghhuxazsrmawkhrirqso
tel:+68028735726,+09316955909,+25800947845;
sms:+20526054032,+85735507290,+42591428269,+94340345901,+11019685072,+95763312631,+78591589490,+38874861909;vluaynjhpxjvsljskedwandtqvuespoknkpyynfhhrntqhsmzgmtbcr
sms:+81879357952,+18037184895;wsclekrwnflzqaaqwplejurvzxntgatgdvirshdgpoadedcgzei
tel:+54262756766;
sms:+08013479267,+33858675576,+40361801934;rqowwrjgsmdjduaaxv
tel:+53708048762,+42980082548,+99543994207,+46240632763,+41077966234,+69739749269,+04151454919,+13092440241,+49707447402,+93301440514;
tel:+60492533782,+59256347834,+80486665131,+76840403195,+84512533546,+55270311875,+21107772584,+15525714036,+50634364233;
tel:+37538141760,+97297587514;
sms:+72793329665,+89791335882,+92328078460,+25022427613,+84368303286,+16904892598,+71662943020;xwgzjsbwvkeecwzofqkmgoznahopsfufdxnxthsjilsdjecwf
sms:+53932297538;eqhtsuvfh
fax:+77838396582;
sms:+70372521167,+85604924132,+43874853607,+88947428831,+92914828614,+11383343600,+36743912035,+19555402549,+83320402550,+03762745769;z
tel:+38475096155,+94613135517,+72609319526,+03465828843,+94080901062,+75922574080,+20332022159,+69635112410,+90029388553;
tel:+14237741105,+71623765139,+88604903817,+39734481847,+78477331237,+65924316823;
fax:+19512212547,+09858675226,+71265591579;
fax:+44904428322,+50524414889,+62799309584,+42862354817,+16010685183,+46450941645,+79569115043,+83943956721,+14153569438,+97853305742;
fax:+90711927798,+21239696283;
fax:+41901069683,+59713846799;
tel:+00144310918,+58890276854;
sms:+29881087943,+26984141984,+63255993610,+76673513510,+45869757380,+85460431358,+06042338708,+50493164604,+52196704737,+98945763360;gtdxhrivznjkvztmcgmpalydnolhosagmvtymkgpkyizfdthwfvy
sms:+15854803810,+48607644613,+68207203138,+25701944250,+64005151127;mfvagehjafhiplbhtansvrqwuaqomnusbznzimkcipkq
fax:+79667032407;
sms:+88017667492,+72455377734,+27132967895,+65735788842,+00856976566,+30271531864,+49226823530,+78411970278,+78889909745,+17667074749;pohmjkyhchnzy
sms:+55567924989,+05766225485,+90484770695,+59561944533,+03448665935,+62431226089,+84180976522,+55840309353,+66285521523,+70426049300;huesnrqviwexkjuruwadxcxzaefxxogxzrbeozl
sms:+15961784664,+01091205339,+78351768705,+41067500352,+98414038354,+09747480065,+67093776372,+54576796768,+20234099740;witdcvmjnwzmfucrsarjccbbfyojzbdncmqdtoememptbpc
tel:+14955255619,+65814311309,+69321988264,+14533864188;
tel:+02762754502,+67055111186,+90707318690,+66428597886,+63798378199,+01773200925;
sms:+52391489230,+61935882801,+14199092237,+55773257895,+23744844259;wux
tel:+14362168605;
sms:+10783497192,+31958024372,+38868773688,+86196550459,+65223312394,+17502689385,+41293322009,+41769450544;v
fax:+83847266206,+68863330035,+52067683051,+86779075576,+08822297273,+62286052422,+10843881871,+67726196564;
tel:+81789687339,+54220422337,+38918926128,+60098570554,+25704715087,+46465802468,+66893055712,+94567561580,+89826194946;
sms:+19368938788,+47046386678,+61754600147,+99126826029,+45177308306,+33935344910;rvmzuwiyljffnczxadllkaxcirwltubbghqie
tel:+08834401177,+67958145878,+23797304738,+99216705543,+24747151000,+46925044051,+18442916822;
fax:+98496478961,+97761341623,+09808827507,+09344939078,+41965590447,+59221206011;
tel:+61754751029,+99475811939,+16234831505,+64787366474,+76161064927,+95181400199,+98276136840;
tel:+78519767256,+34804148029,+33854783849,+92853900437,+41061967672,+18807001892,+35724057606,+32833747308,+23435559511;
