+00099375446 | 1
+00127523492 | 1
+00197740321 | 1
+00213122230 | 1
+00246896733 | 1
+00286031599 | 1
+00309230238 | 1
+00323087507 | 1
+00348929675 | 1
+00371645595 | 1
+00384110443 | 1
+00430057186 | 1
+00448206885 | 1
+00456886832 | 1
+00479930329 | 1
+00484274421 | 1
+00485699978 | 1
+00500780677 | 1
+00502103438 | 1
+00505927689 | 1
+00516751061 | 1
+00529441203 | 1
+00531142010 | 1
+00560271573 | 1
+00562635906 | 1
+00582262109 | 1
+00602279982 | 1
+00604273994 | 1
+00617987245 | 1
+00653979808 | 1
+00659330576 | 1
+00662381656 | 1
+00703667814 | 1
+00752314818 | 1
+00763928253 | 1
+00792846275 | 1
+00800359336 | 1
+00819638780 | 1
+00844102236 | 1
+00846065881 | 1
+00850450361 | 1
+00856108486 | 1
+00859466864 | 1
+00864867391 | 1
+00905720962 | 1
+00929126798 | 1
+00937193138 | 1
+00958316472 | 1
+00996379123 | 1
+01006122692 | 1
+01030219887 | 1
+01077205056 | 1
+01122815609 | 1
+01129220395 | 1
+01143940976 | 1
+01181421782 | 1
+01191117668 | 1
+01201637156 | 1
+01208028640 | 1
+01214170536 | 1
+01217628204 | 1
+01238784665 | 1
+01246577936 | 1
+01247417554 | 1
+01250611483 | 1
+01256076161 | 1
+01264919694 | 1
+01295880583 | 1
+01298722290 | 1
+01311688415 | 1
+01385180631 | 1
+01404274585 | 1
+01444674165 | 1
+01555867007 | 1
+01576276303 | 1
+01612790412 | 1
+01619938897 | 1
+01637303109 | 1
+01649486666 | 1
+01671254809 | 1
+01677307500 | 1
+01698180182 | 1
+01750447594 | 1
+01751300470 | 1
+01756297224 | 1
+01781390285 | 1
+01784876332 | 1
+01792060815 | 1
+01824651689 | 1
+01828047325 | 1
+01845151685 | 1
+01920072164 | 1
+01936190197 | 1
+01938586912 | 1
+01959652911 | 1
+01974319897 | 1
+01975103826 | 1
+01981578541 | 1
+01982289019 | 1
+01988259219 | 1
+02000107758 | 1
+02057023329 | 1
+02099440755 | 1
+02107000665 | 1
+02117010326 | 1
+02125940339 | 1
+02126211810 | 1
+02141285192 | 1
+02168629602 | 1
+02169151417 | 1
+02172803079 | 1
+02188193806 | 1
+02195631741 | 1
+02197865444 | 1
+02211856536 | 1
+02239486786 | 1
+02255840274 | 1
+02278592810 | 1
+02279101957 | 1
+02285848256 | 1
+02290842513 | 1
+02298746135 | 1
+02315665612 | 1
+02337319843 | 1
+02343682942 | 1
+02358000885 | 1
+02391959652 | 1
+02395772614 | 1
+02406108187 | 1
+02449578281 | 1
+02488196502 | 1
+02488450535 | 1
+02498412831 | 1
+02624596857 | 1
+02626158137 | 1
+02655420882 | 1
+02661825709 | 1
+02702929220 | 1
+02703072952 | 1
+02761572252 | 1
+02799956649 | 1
+02812787083 | 1
+02822474361 | 1
+02835353327 | 1
+02837560649 | 1
+02839754364 | 1
+02895188571 | 1
+02895587202 | 1
+02931407667 | 1
+02931509142 | 1
+02933836229 | 1
+02966623296 | 1
+03099591131 | 1
+03160653213 | 1
+03165290737 | 1
+03167421479 | 1
+03167894020 | 1
+03194977946 | 1
+03195869041 | 1
+03198781428 | 1
+03207569636 | 1
+03208151283 | 1
+03230907022 | 1
+03236263868 | 1
+03255546716 | 1
+03263233163 | 1
+03282280989 | 1
+03282590585 | 1
+03287518723 | 1
+03329692243 | 1
+03360982645 | 1
+03376073519 | 1
+03384081612 | 1
+03387840617 | 1
+03387957336 | 1
+03394248728 | 1
+03410949820 | 1
+03414383920 | 1
+03428080032 | 1
+03472094686 | 1
+03480697506 | 1
+03497342417 | 1
+03517133192 | 1
+03527089178 | 1
+03528678165 | 1
+03539318294 | 1
+03550780227 | 1
+03557609511 | 1
+03560073058 | 1
+03560207297 | 1
+03569073874 | 1
+03590843861 | 1
+03598982546 | 1
+03601347284 | 1
+03605598141 | 1
+03630538915 | 1
+03655553437 | 1
+03670808068 | 1
+03704707530 | 1
+03709308784 | 1
+03716065106 | 1
+03718589517 | 1
+03729181678 | 1
+03746990503 | 1
+03822464548 | 1
+03837733442 | 1
+03899523395 | 1
+03899947059 | 1
+03905974566 | 1
+03937921032 | 1
+03943370101 | 1
+03952065929 | 1
+03971912572 | 1
+04035129238 | 1
+04071240013 | 1
+04075998449 | 1
+04133133436 | 1
+04151056285 | 1
+04151746582 | 1
+04167491242 | 1
+04179832242 | 1
+04198399854 | 1
+04216368702 | 1
+04243489208 | 1
+04246083834 | 1
+04251118912 | 1
+04257448003 | 1
+04260077325 | 1
+04277142741 | 1
+04293733862 | 1
+04315265624 | 1
+04318778902 | 1
+04336434061 | 1
+04356254654 | 1
+04356978029 | 1
+04368615215 | 1
+04381354966 | 1
+04414609286 | 1
+04461513427 | 1
+04478721221 | 1
+04567543769 | 1
+04622595029 | 1
+04623693408 | 1
+04647184152 | 1
+04703645887 | 1
+04705353639 | 1
+04734853522 | 1
+04742704611 | 1
+04752683715 | 1
+04772190419 | 1
+04789842104 | 1
+04795769394 | 1
+04820500710 | 1
+04823706261 | 1
+04824812985 | 1
+04826192547 | 1
+04861586282 | 1
+04994114963 | 1
+05028890113 | 1
+05046244876 | 1
+05051289640 | 1
+05061234851 | 1
+05079326838 | 1
+05104968892 | 1
+05114776216 | 1
+05122715236 | 1
+05185188269 | 1
+05190085613 | 1
+05199623198 | 1
+05263378129 | 1
+05276342803 | 1
+05285678136 | 1
+05303153260 | 1
+05341773647 | 1
+05373108202 | 1
+05382345546 | 1
+05386978793 | 1
+05412738338 | 1
+05425071271 | 1
+05431414677 | 1
+05453638978 | 1
+05474648338 | 1
+05481098453 | 1
+05494099486 | 1
+05498503070 | 1
+05519944349 | 1
+05575993920 | 1
+05605272376 | 1
+05614475633 | 1
+05645362342 | 1
+05656641782 | 1
+05672128579 | 1
+05703041569 | 1
+05715252895 | 1
+05723599043 | 1
+05738621176 | 1
+05740812971 | 1
+05789072513 | 1
+05843411573 | 1
+05902736250 | 1
+05904832676 | 1
+05931880789 | 1
+05932932786 | 1
+05949328846 | 1
+05956810470 | 1
+05990553189 | 1
+06011463717 | 1
+06042655408 | 1
+06058314973 | 1
+06077388497 | 1
+06080295168 | 1
+06097660124 | 1
+06132292863 | 1
+06137534049 | 1
+06144323555 | 1
+06160591641 | 1
+06182731200 | 1
+06185023667 | 1
+06192189096 | 1
+06196198617 | 1
+06208776377 | 1
+06215919907 | 1
+06243639588 | 1
+06320417170 | 1
+06324562206 | 1
+06327930996 | 1
+06340532711 | 1
+06418434988 | 1
+06422368927 | 1
+06430451317 | 1
+06475069453 | 1
+06476596709 | 1
+06509232575 | 1
+06512966534 | 1
+06534976254 | 1
+06535815020 | 1
+06545155904 | 1
+06586040878 | 1
+06609149280 | 1
+06731623410 | 1
+06750227665 | 1
+06767758299 | 1
+06804093028 | 1
+06817354288 | 1
+06842970690 | 1
+06850945021 | 1
+06856355960 | 1
+06874739317 | 1
+06894335114 | 1
+06895813059 | 1
+06910986197 | 1
+06937587656 | 1
+06943871047 | 1
+06963399128 | 1
+06970455439 | 1
+06986218272 | 1
+06991163395 | 1
+06995334701 | 1
+07060826291 | 1
+07062362225 | 1
+07071119803 | 1
+07090637603 | 1
+07139036778 | 1
+07146369961 | 1
+07148592038 | 1
+07200787587 | 1
+07201751379 | 1
+07201983758 | 1
+07227111294 | 1
+07271692055 | 1
+07296754822 | 1
+07304446288 | 1
+07312369377 | 1
+07328841759 | 1
+07337869041 | 1
+07348339517 | 1
+07359838623 | 1
+07364151363 | 1
+07392690157 | 1
+07393146852 | 1
+07393565668 | 1
+07397736052 | 1
+07405535556 | 1
+07433805259 | 1
+07453418935 | 1
+07475081432 | 1
+07487647850 | 1
+07487656281 | 1
+07497364334 | 1
+07507481787 | 1
+07523019737 | 1
+07569510504 | 1
+07590876379 | 1
+07627780917 | 1
+07641695956 | 1
+07692424719 | 1
+07701905736 | 1
+07702991788 | 1
+07719120343 | 1
+07740682885 | 1
+07762156713 | 1
+07775655651 | 1
+07854887244 | 1
+07861161395 | 1
+07880639043 | 1
+07891741066 | 1
+07926273885 | 1
+07928664829 | 1
+07937190147 | 1
+07937335164 | 1
+07949398012 | 1
+08001670883 | 1
+08017858448 | 1
+08036540399 | 1
+08042251910 | 1
+08042990314 | 1
+08054856133 | 1
+08087976190 | 1
+08163352152 | 1
+08164125862 | 1
+08166368696 | 1
+08184728547 | 1
+08209602276 | 1
+08228938829 | 1
+08230810211 | 1
+08232856915 | 1
+08233093575 | 1
+08237417042 | 1
+08247483781 | 1
+08265323685 | 1
+08279626720 | 1
+08287057821 | 1
+08307230114 | 1
+08307999235 | 1
+08318296870 | 1
+08364080368 | 1
+08380281432 | 1
+08389744409 | 1
+08390152965 | 1
+08446777449 | 1
+08465467066 | 1
+08471046390 | 1
+08523081113 | 1
+08548973215 | 1
+08603020425 | 1
+08619729564 | 1
+08641428130 | 1
+08645061902 | 1
+08648773712 | 1
+08687429018 | 1
+08688470451 | 1
+08705544212 | 1
+08773080853 | 1
+08788391150 | 1
+08813493211 | 1
+08814536392 | 1
+08837488471 | 1
+08838483451 | 1
+08838615697 | 1
+08838888344 | 1
+08855132508 | 1
+08864362285 | 1
+08882493459 | 1
+08900372902 | 1
+08905846198 | 1
+08906371218 | 1
+08947850795 | 1
+08968062105 | 1
+08988104649 | 1
+08991722450 | 1
+09007430246 | 1
+09008352615 | 1
+09031332396 | 1
+09036798443 | 1
+09036811224 | 1
+09053107203 | 1
+09053821809 | 1
+09064071880 | 1
+09092120086 | 1
+09185193071 | 1
+09198574233 | 1
+09225280280 | 1
+09226554114 | 1
+09233346930 | 1
+09267378440 | 1
+09277779483 | 1
+09280129606 | 1
+09293713839 | 1
+09295424908 | 1
+09302395610 | 1
+09321102884 | 1
+09360709528 | 1
+09364002644 | 1
+09368757602 | 1
+09424837176 | 1
+09454090298 | 1
+09462014904 | 1
+09471525641 | 1
+09503753963 | 1
+09517961510 | 1
+09518572641 | 1
+09521101109 | 1
+09561823967 | 1
+09642047312 | 1
+09658513061 | 1
+09726505807 | 1
+09732316425 | 1
+09759505024 | 1
+09784515621 | 1
+09785905643 | 1
+09787258097 | 1
+09822806035 | 1
+09838968461 | 1
+09846328778 | 1
+09868568598 | 1
+09879661180 | 1
+09885340140 | 1
+09899075934 | 1
+09925102781 | 1
+09935313555 | 1
+09943808642 | 1
+09956095469 | 1
+09980265155 | 1
+09998618228 | 1
+10025980611 | 1
+10032762070 | 1
+10064211404 | 1
+10106793791 | 1
+10109696990 | 1
+10118845842 | 1
+10141936980 | 1
+10156837237 | 1
+10159140520 | 1
+10163420438 | 1
+10175133671 | 1
+10179538305 | 1
+10201048890 | 1
+10209608184 | 1
+10246747844 | 1
+10249226218 | 1
+10295567436 | 1
+10295799046 | 1
+10302660728 | 1
+10317764959 | 1
+10328753165 | 1
+10336331048 | 1
+10364422938 | 1
+10372315871 | 1
+10376438574 | 1
+10383951896 | 1
+10414382542 | 1
+10426231937 | 1
+10446267441 | 1
+10446864554 | 1
+10459128633 | 1
+10464143078 | 1
+10484639431 | 1
+10486582180 | 1
+10600013431 | 1
+10613097020 | 1
+10614979250 | 1
+10631892198 | 1
+10650606120 | 1
+10663491802 | 1
+10712260553 | 1
+10735012715 | 1
+10736068943 | 1
+10759444228 | 1
+10766620557 | 1
+10816590395 | 1
+10841308081 | 1
+10872372674 | 1
+10886548781 | 1
+10925373499 | 1
+10932080185 | 1
+10933624918 | 1
+10935986951 | 1
+10939874077 | 1
+10951968789 | 1
+10967290971 | 1
+10973169258 | 1
+10976922913 | 1
+10982183331 | 1
+10985454451 | 1
+11000413962 | 1
+11002649848 | 1
+11025621877 | 1
+11046382183 | 1
+11048567245 | 1
+11056138705 | 1
+11062438613 | 1
+11093002779 | 1
+11126407779 | 1
+11148582252 | 1
+11179398967 | 1
+11191174752 | 1
+11217469742 | 1
+11225759684 | 1
+11230623344 | 1
+11240399792 | 1
+11281434491 | 1
+11288255796 | 1
+11300063453 | 1
+11307665608 | 1
+11309838471 | 1
+11313683143 | 1
+11339326335 | 1
+11368069884 | 1
+11369170411 | 1
+11390540713 | 1
+11417169408 | 1
+11495127847 | 1
+11511469993 | 1
+11528399344 | 1
+11535739100 | 1
+11539643488 | 1
+11544259351 | 1
+11558936924 | 1
+11588648106 | 1
+11608258752 | 1
+11614897333 | 1
+11634413229 | 1
+11649262486 | 1
+11652912171 | 1
+11657926576 | 1
+11659050598 | 1
+11663392429 | 1
+11675991140 | 1
+11691883141 | 1
+11742625281 | 1
+11751245414 | 1
+11803137062 | 1
+11866053365 | 1
+11868602101 | 1
+11890179228 | 1
+11963745034 | 1
+11991838151 | 1
+12021769831 | 1
+12026444207 | 1
+12037230784 | 1
+12042502205 | 1
+12061988666 | 1
+12080252041 | 1
+12090213178 | 1
+12108559971 | 1
+12113230528 | 1
+12118755780 | 1
+12149296276 | 1
+12191860676 | 1
+12197308770 | 1
+12221741324 | 1
+12230814819 | 1
+12243915601 | 1
+12252285622 | 1
+12263861485 | 1
+12265936913 | 1
+12282801600 | 1
+12283425610 | 1
+12294899523 | 1
+12302695594 | 1
+12304483278 | 1
+12323548472 | 1
+12326440164 | 1
+12327168547 | 1
+12351772565 | 1
+12389130433 | 1
+12405717770 | 1
+12418658741 | 1
+12425981723 | 1
+12449584806 | 1
+12464201515 | 1
+12505720652 | 1
+12515733530 | 1
+12518438001 | 1
+12582308698 | 1
+12583357722 | 1
+12584701738 | 1
+12585307633 | 1
+12604481686 | 1
+12608077711 | 1
+12623866499 | 1
+12658448756 | 1
+12685472422 | 1
+12709270883 | 1
+12731086257 | 1
+12735420343 | 1
+12739362115 | 1
+12743740495 | 1
+12744909952 | 1
+12759580852 | 1
+12785553262 | 1
+12843252100 | 1
+12867640366 | 1
+12875731408 | 1
+12886101176 | 1
+12910889990 | 1
+12922922453 | 1
+12931280948 | 1
+12945814049 | 1
+12993502977 | 1
+13053251191 | 1
+13085988025 | 1
+13108200603 | 1
+13115136309 | 1
+13115854385 | 1
+13120165286 | 1
+13134608804 | 1
+13159241268 | 1
+13166841993 | 1
+13183757984 | 1
+13236092947 | 1
+13238231659 | 1
+13254579342 | 1
+13265779037 | 1
+13279101972 | 1
+13294835429 | 1
+13321940155 | 1
+13322003943 | 1
+13360977111 | 1
+13399273032 | 1
+13427358181 | 1
+13430335185 | 1
+13431830356 | 1
+13458515287 | 1
+13465845360 | 1
+13469609019 | 1
+13502989942 | 1
+13520361659 | 1
+13526114890 | 1
+13552100964 | 1
+13560551592 | 1
+13565103756 | 1
+13591517346 | 1
+13656860006 | 1
+13709411077 | 1
+13713507015 | 1
+13719385790 | 1
+13726141730 | 1
+13763058198 | 1
+13792151715 | 1
+13797381791 | 1
+13805982653 | 1
+13816583555 | 1
+13828602313 | 1
+13828975777 | 1
+13833820727 | 1
+13839590587 | 1
+13841125312 | 1
+13848997348 | 1
+13878823330 | 1
+13914553342 | 1
+13917450725 | 1
+13919623689 | 1
+13959936023 | 1
+14010652379 | 1
+14024615156 | 1
+14031376447 | 1
+14049971575 | 1
+14051602015 | 1
+14070332796 | 1
+14099015884 | 1
+14150550909 | 1
+14164486842 | 1
+14177288003 | 1
+14200729579 | 1
+14200838846 | 1
+14203612401 | 1
+14221079148 | 1
+14230530233 | 1
+14247009461 | 1
+14303821058 | 1
+14314924331 | 1
+14327752342 | 1
+14327842468 | 1
+14374618992 | 1
+14393782935 | 1
+14411552935 | 1
+14444319585 | 1
+14445107161 | 1
+14467894626 | 1
+14482143322 | 1
+14516607334 | 1
+14519507614 | 1
+14551672457 | 1
+14560477377 | 1
+14560756690 | 1
+14565011951 | 1
+14577106246 | 1
+14596813348 | 1
+14599167330 | 1
+14610282144 | 1
+14672531233 | 1
+14681782004 | 1
+14685249856 | 1
+14692188113 | 1
+14702448872 | 1
+14724940796 | 1
+14725454147 | 1
+14779391503 | 1
+14780871589 | 1
+14792534163 | 1
+14799428747 | 1
+14866526796 | 1
+14875249651 | 1
+14884039207 | 1
+14900384734 | 1
+14922346924 | 1
+14927695840 | 1
+14935163468 | 1
+14944444675 | 1
+14955134545 | 1
+15073961069 | 1
+15083057556 | 1
+15124502631 | 1
+15138078703 | 1
+15140363903 | 1
+15181288608 | 1
+15190101127 | 1
+15217747376 | 1
+15225873807 | 1
+15237202946 | 1
+15283942147 | 1
+15310006525 | 1
+15317508303 | 1
+15346584185 | 1
+15356864116 | 1
+15375807405 | 1
+15475696441 | 1
+15481682271 | 1
+15493687395 | 1
+15506503019 | 1
+15532689734 | 1
+15551526016 | 1
+15562414384 | 1
+15578094989 | 1
+15581468038 | 1
+15597644768 | 1
+15616351384 | 1
+15667969069 | 1
+15671648725 | 1
+15678126823 | 1
+15686261487 | 1
+15705265230 | 1
+15724375555 | 1
+15726851023 | 1
+15736333011 | 1
+15747151011 | 1
+15759115118 | 1
+15773842914 | 1
+15782284342 | 1
+15801082875 | 1
+15803143296 | 1
+15825075168 | 1
+15842117031 | 1
+15861199733 | 1
+15885863836 | 1
+15903838687 | 1
+15912808679 | 1
+15963694884 | 1
+15976926899 | 1
+15987973044 | 1
+16008423987 | 1
+16040066288 | 1
+16063235793 | 1
+16067387650 | 1
+16130221352 | 1
+16142783593 | 1
+16159128890 | 1
+16169771889 | 1
+16170902409 | 1
+16184786674 | 1
+16184822788 | 1
+16192396043 | 1
+16197143149 | 1
+16220285280 | 1
+16228269208 | 1
+16252667762 | 1
+16253564421 | 1
+16259163447 | 1
+16295855151 | 1
+16304810287 | 1
+16338579335 | 1
+16339483691 | 1
+16355437126 | 1
+16370014193 | 1
+16403508893 | 1
+16426588832 | 1
+16447233012 | 1
+16475872441 | 1
+16476237116 | 1
+16491445708 | 1
+16511483199 | 1
+16579685808 | 1
+16582502850 | 1
+16596122856 | 1
+16602259459 | 1
+16606187343 | 1
+16606319054 | 1
+16607438398 | 1
+16614847512 | 1
+16632252355 | 1
+16654038792 | 1
+16668112129 | 1
+16683814767 | 1
+16759048615 | 1
+16779625511 | 1
+16783045245 | 1
+16791106666 | 1
+16796088666 | 1
+16805668564 | 1
+16810714248 | 1
+16819075326 | 1
+16870412746 | 1
+16872774629 | 1
+16922998489 | 1
+16954638548 | 1
+16993075408 | 1
+17000387173 | 1
+17024193861 | 1
+17031105659 | 1
+17035350703 | 1
+17042367888 | 1
+17058853768 | 1
+17074456703 | 1
+17115582448 | 1
+17117391348 | 1
+17117668931 | 1
+17119978597 | 1
+17185977162 | 1
+17200913363 | 1
+17211192878 | 1
+17230425515 | 1
+17234333337 | 1
+17246855267 | 1
+17264485834 | 1
+17269789601 | 1
+17284315266 | 1
+17306683682 | 1
+17316797285 | 1
+17320162973 | 1
+17332967432 | 1
+17375955133 | 1
+17389145443 | 1
+17406748132 | 1
+17407452772 | 1
+17452148024 | 1
+17453053552 | 1
+17458340273 | 1
+17477025042 | 1
+17514331823 | 1
+17519395917 | 1
+17521881938 | 1
+17548005781 | 1
+17570758867 | 1
+17592896960 | 1
+17594084377 | 1
+17615433570 | 1
+17630323935 | 1
+17632704665 | 1
+17651127689 | 1
+17662862068 | 1
+17675833302 | 1
+17698718995 | 1
+17750721524 | 1
+17794248121 | 1
+17810092138 | 1
+17822211661 | 1
+17822567923 | 1
+17838655234 | 1
+17855430731 | 1
+17865487101 | 1
+17935071250 | 1
+17958665034 | 1
+17976824615 | 1
+17997687652 | 1
+18008541136 | 1
+18060914083 | 1
+18062416189 | 1
+18070820311 | 1
+18071087206 | 1
+18076070445 | 1
+18110542982 | 1
+18111043266 | 1
+18111934259 | 1
+18127416657 | 1
+18200548152 | 1
+18219415159 | 1
+18247588518 | 1
+18248721220 | 1
+18269694462 | 1
+18271103991 | 1
+18275375138 | 1
+18281257689 | 1
+18282069078 | 1
+18370918708 | 1
+18437006467 | 1
+18448416855 | 1
+18461537036 | 1
+18471230952 | 1
+18482182755 | 1
+18485427755 | 1
+18530792668 | 1
+18537256179 | 1
+18539999728 | 1
+18548356614 | 1
+18565566440 | 1
+18574766807 | 1
+18590733912 | 1
+18613353339 | 1
+18615648414 | 1
+18616114611 | 1
+18618312019 | 1
+18660256526 | 1
+18664094559 | 1
+18698697063 | 1
+18704964657 | 1
+18731067481 | 1
+18742944465 | 1
+18743685272 | 1
+18768321002 | 1
+18784312413 | 1
+18912766899 | 1
+18933452705 | 1
+18940337565 | 1
+18982292798 | 1
+18983975283 | 1
+18987459380 | 1
+18995467201 | 1
+19019960232 | 1
+19039410338 | 1
+19080758240 | 1
+19114163676 | 1
+19138095435 | 1
+19145838453 | 1
+19145901026 | 1
+19168401449 | 1
+19177470599 | 1
+19178631566 | 1
+19199005694 | 1
+19206745727 | 1
+19227852648 | 1
+19231621618 | 1
+19250863000 | 1
+19273242915 | 1
+19332735119 | 1
+19336188276 | 1
+19369251781 | 1
+19370122108 | 1
+19417713896 | 1
+19427391915 | 1
+19492626723 | 1
+19501220930 | 1
+19514695060 | 1
+19519289780 | 1
+19521499124 | 1
+19532610445 | 1
+19544901314 | 1
+19561325889 | 1
+19577256849 | 1
+19579886432 | 1
+19586880276 | 1
+19620237273 | 1
+19646188601 | 1
+19648243656 | 1
+19662480393 | 1
+19674294474 | 1
+19685283753 | 1
+19685336890 | 1
+19713474047 | 1
+19729045546 | 1
+19733053389 | 1
+19736904804 | 1
+19743426442 | 1
+19746553012 | 1
+19776578390 | 1
+19790476551 | 1
+19841551002 | 1
+19874225190 | 1
+19954221225 | 1
+19990075221 | 1
+20003504253 | 1
+20011303782 | 1
+20031882805 | 1
+20034099999 | 1
+20040660096 | 1
+20072453782 | 1
+20073041685 | 1
+20100082380 | 1
+20100907005 | 1
+20133869275 | 1
+20149636730 | 1
+20154066997 | 1
+20172678210 | 1
+20197054494 | 1
+20211087212 | 1
+20244553764 | 1
+20244873989 | 1
+20257470570 | 1
+20283823677 | 1
+20299559065 | 1
+20321676805 | 1
+20324183269 | 1
+20415417507 | 1
+20416398231 | 1
+20436803246 | 1
+20445199374 | 1
+20451290311 | 1
+20457449378 | 1
+20458046054 | 1
+20484473047 | 1
+20491348589 | 1
+20496953655 | 1
+20498967131 | 1
+20504290601 | 1
+20515698645 | 1
+20553071414 | 1
+20556630170 | 1
+20567802813 | 1
+20568678186 | 1
+20595711296 | 1
+20595873693 | 1
+20622492752 | 1
+20624055716 | 1
+20625308129 | 1
+20627815800 | 1
+20633957562 | 1
+20654827818 | 1
+20657840182 | 1
+20726077846 | 1
+20738046867 | 1
+20757749725 | 1
+20839130489 | 1
+20865630428 | 1
+20871361444 | 1
+20918554631 | 1
+20933474608 | 1
+20942350124 | 1
+20957587359 | 1
+20977415104 | 1
+20988701945 | 1
+20995838860 | 1
+21014855995 | 1
+21020369915 | 1
+21045382540 | 1
+21085438201 | 1
+21117214447 | 1
+21119755323 | 1
+21188683040 | 1
+21210802245 | 1
+21242652319 | 1
+21254997816 | 1
+21258902385 | 1
+21272156146 | 1
+21273600424 | 1
+21277496921 | 1
+21288073603 | 1
+21328899073 | 1
+21346337443 | 1
+21367678942 | 1
+21372753036 | 1
+21410684184 | 1
+21422961547 | 1
+21426835717 | 1
+21428079225 | 1
+21437591514 | 1
+21459780911 | 1
+21504102051 | 1
+21526726465 | 1
+21527310479 | 1
+21530633719 | 1
+21550080853 | 1
+21584241133 | 1
+21586449303 | 1
+21615499361 | 1
+21646236917 | 1
+21649593665 | 1
+21674891365 | 1
+21678817470 | 1
+21718662602 | 1
+21733972512 | 1
+21768028087 | 1
+21771545079 | 1
+21778645889 | 1
+21785537324 | 1
+21790234374 | 1
+21795744177 | 1
+21830149071 | 1
+21830476948 | 1
+21841839751 | 1
+21847136844 | 1
+21849178472 | 1
+21854742094 | 1
+21862356781 | 1
+21900886205 | 1
+21916066612 | 1
+21976235842 | 1
+21976335132 | 1
+21996939188 | 1
+22001151076 | 1
+22017915162 | 1
+22018613304 | 1
+22030444736 | 1
+22036051810 | 1
+22050861277 | 1
+22055120806 | 1
+22065919624 | 1
+22088939487 | 1
+22095618133 | 1
+22161060329 | 1
+22163509987 | 1
+22165802366 | 1
+22175636026 | 1
+22208912819 | 1
+22270235142 | 1
+22277387496 | 1
+22338714966 | 1
+22343632451 | 1
+22346386918 | 1
+22394904352 | 1
+22425803493 | 1
+22437150665 | 1
+22444215821 | 1
+22467197364 | 1
+22484620195 | 1
+22496738434 | 1
+22500256761 | 1
+22507325786 | 1
+22514375889 | 1
+22523125133 | 1
+22531050408 | 1
+22535821606 | 1
+22558106895 | 1
+22594678876 | 1
+22623844316 | 1
+22642913634 | 1
+22648169924 | 1
+22649550916 | 1
+22655457859 | 1
+22674591305 | 1
+22694144625 | 1
+22720723304 | 1
+22746181767 | 1
+22771608191 | 1
+22773062860 | 1
+22781524512 | 1
+22800555759 | 1
+22816879290 | 1
+22819643672 | 1
+22828660964 | 1
+22844216766 | 1
+22976672784 | 1
+22977182106 | 1
+22978978665 | 1
+22992095522 | 1
+23026245309 | 1
+23060525993 | 1
+23071621030 | 1
+23075988519 | 1
+23088231609 | 1
+23149280269 | 1
+23162232430 | 1
+23177951135 | 1
+23179450726 | 1
+23189296232 | 1
+23213210322 | 1
+23235119181 | 1
+23243823169 | 1
+23258125581 | 1
+23262757322 | 1
+23277480320 | 1
+23283185966 | 1
+23300163013 | 1
+23315501987 | 1
+23342412555 | 1
+23344439563 | 1
+23399583875 | 1
+23418261470 | 1
+23431676130 | 1
+23432438858 | 1
+23436857178 | 1
+23481625502 | 1
+23522754526 | 1
+23547941001 | 1
+23586294246 | 1
+23600006256 | 1
+23618393721 | 1
+23643740146 | 1
+23665446961 | 1
+23741127461 | 1
+23756685382 | 1
+23800063834 | 1
+23802659392 | 1
+23817985816 | 1
+23828016755 | 1
+23845078652 | 1
+23855303421 | 1
+23857225989 | 1
+23887729697 | 1
+23890765626 | 1
+23925213798 | 1
+23947502960 | 1
+23963819281 | 1
+23989516868 | 1
+23989674488 | 1
+24018462498 | 1
+24070854201 | 1
+24109337494 | 1
+24113707378 | 1
+24117065299 | 1
+24137856359 | 1
+24158064930 | 1
+24195512435 | 1
+24215392047 | 1
+24219461775 | 1
+24258169405 | 1
+24273481690 | 1
+24289560379 | 1
+24323737332 | 1
+24337890501 | 1
+24340012076 | 1
+24356617736 | 1
+24374553663 | 1
+24374854654 | 1
+24415449249 | 1
+24425453222 | 1
+24478896871 | 1
+24505629586 | 1
+24506887521 | 1
+24507953624 | 1
+24515384091 | 1
+24519773566 | 1
+24540152297 | 1
+24553867393 | 1
+24559657308 | 1
+24571170855 | 1
+24572263006 | 1
+24588623113 | 1
+24599240791 | 1
+24632449587 | 1
+24644176211 | 1
+24651266165 | 1
+24689101998 | 1
+24699604382 | 1
+24707155391 | 1
+24719215847 | 1
+24721980568 | 1
+24729407831 | 1
+24733322154 | 1
+24739165551 | 1
+24776503569 | 1
+24808987802 | 1
+24857601438 | 1
+24870076678 | 1
+24887149506 | 1
+24901352625 | 1
+24954095768 | 1
+24962845770 | 1
+24987859417 | 1
+25043005694 | 1
+25051997254 | 1
+25061425171 | 1
+25065850465 | 1
+25070881800 | 1
+25140558172 | 1
+25168808587 | 1
+25172950657 | 1
+25172993337 | 1
+25183612201 | 1
+25187582944 | 1
+25188832159 | 1
+25193353252 | 1
+25218722998 | 1
+25242845274 | 1
+25243880792 | 1
+25247315515 | 1
+25260987308 | 1
+25277956449 | 1
+25307967104 | 1
+25318938261 | 1
+25324270854 | 1
+25329750636 | 1
+25422165300 | 1
+25438957298 | 1
+25452035639 | 1
+25483997587 | 1
+25497631073 | 1
+25497916570 | 1
+25500134185 | 1
+25512323160 | 1
+25550905602 | 1
+25553374056 | 1
+25577880806 | 1
+25582051186 | 1
+25585725841 | 1
+25632506195 | 1
+25635349696 | 1
+25646886276 | 1
+25649204241 | 1
+25660213651 | 1
+25682426681 | 1
+25688112272 | 1
+25705555591 | 1
+25726174009 | 1
+25738345065 | 1
+25739130295 | 1
+25760395671 | 1
+25774367864 | 1
+25779538462 | 1
+25798830683 | 1
+25804589362 | 1
+25813355658 | 1
+25838864189 | 1
+25854512617 | 1
+25876505399 | 1
+25899624611 | 1
+25915339754 | 1
+25940718462 | 1
+25944388277 | 1
+25975266208 | 1
+25986870946 | 1
+25991521006 | 1
+25993266935 | 1
+26014531232 | 1
+26047660906 | 1
+26073647993 | 1
+26075433760 | 1
+26085721590 | 1
+26090319214 | 1
+26091251285 | 1
+26100239064 | 1
+26106634998 | 1
+26114003972 | 1
+26147672084 | 1
+26198434498 | 1
+26216237097 | 1
+26222153471 | 1
+26248018637 | 1
+26256246909 | 1
+26259780708 | 1
+26306030606 | 1
+26347644167 | 1
+26358557870 | 1
+26375057013 | 1
+26458282035 | 1
+26504572680 | 1
+26516696676 | 1
+26525569900 | 1
+26528694012 | 1
+26540203789 | 1
+26547878000 | 1
+26555037241 | 1
+26564656209 | 1
+26580092359 | 1
+26635950475 | 1
+26637827208 | 1
+26643007942 | 1
+26671064238 | 1
+26683681772 | 1
+26687552490 | 1
+26724898220 | 1
+26729027161 | 1
+26796880783 | 1
+26805744646 | 1
+26862838769 | 1
+26884226650 | 1
+26900761535 | 1
+26904048440 | 1
+26943479595 | 1
+26987012535 | 1
+27032621622 | 1
+27044838588 | 1
+27073679020 | 1
+27083938310 | 1
+27117321081 | 1
+27117889247 | 1
+27129959072 | 1
+27140227694 | 1
+27172305767 | 1
+27184891899 | 1
+27195926893 | 1
+27221102462 | 1
+27234136618 | 1
+27244875311 | 1
+27256403031 | 1
+27257822926 | 1
+27279717114 | 1
+27324311419 | 1
+27353595027 | 1
+27362537723 | 1
+27369140241 | 1
+27371024829 | 1
+27372149111 | 1
+27397104236 | 1
+27406133576 | 1
+27406259684 | 1
+27428731897 | 1
+27463922092 | 1
+27479754049 | 1
+27500155772 | 1
+27512406588 | 1
+27531403952 | 1
+27556625325 | 1
+27598828931 | 1
+27602041961 | 1
+27626707816 | 1
+27635898844 | 1
+27668957477 | 1
+27675703209 | 1
+27719172060 | 1
+27728384869 | 1
+27732197667 | 1
+27744744962 | 1
+27762236742 | 1
+27776189611 | 1
+27777188966 | 1
+27787146761 | 1
+27800843034 | 1
+27866704970 | 1
+27886212570 | 1
+27898862866 | 1
+27900102414 | 1
+27924074888 | 1
+27949140561 | 1
+27953914350 | 1
+27977349319 | 1
+27981764663 | 1
+27985806875 | 1
+28013797403 | 1
+28017554335 | 1
+28020071365 | 1
+28020639658 | 1
+28028101378 | 1
+28030691287 | 1
+28074532596 | 1
+28077751895 | 1
+28087746579 | 1
+28093335620 | 1
+28163857368 | 1
+28198897817 | 1
+28219453235 | 1
+28224923275 | 1
+28240524717 | 1
+28243245420 | 1
+28262189257 | 1
+28286821510 | 1
+28288333043 | 1
+28294281346 | 1
+28304647453 | 1
+28351967594 | 1
+28362931965 | 1
+28365472721 | 1
+28372981126 | 1
+28373889687 | 1
+28422787497 | 1
+28424307346 | 1
+28453207828 | 1
+28484665756 | 1
+28495310114 | 1
+28498407960 | 1
+28518766804 | 1
+28530266831 | 1
+28541905504 | 1
+28606534892 | 1
+28618069019 | 1
+28652321694 | 1
+28655395506 | 1
+28670726633 | 1
+28717925395 | 1
+28724344233 | 1
+28725391960 | 1
+28730657160 | 1
+28754651034 | 1
+28766284264 | 1
+28810243694 | 1
+28818338297 | 1
+28821846809 | 1
+28837266119 | 1
+28885764820 | 1
+28894259510 | 1
+28904818487 | 1
+28937808805 | 1
+28937970415 | 1
+28956475110 | 1
+28979363804 | 1
+28986057394 | 1
+28986656666 | 1
+29006790103 | 1
+29017090463 | 1
+29023260404 | 1
+29101486343 | 1
+29138210502 | 1
+29158650541 | 1
+29161692207 | 1
+29172777109 | 1
+29206968975 | 1
+29210752870 | 1
+29219615162 | 1
+29228669641 | 1
+29253546272 | 1
+29259065574 | 1
+29260379094 | 1
+29262151901 | 1
+29277735973 | 1
+29290767419 | 1
+29306974231 | 1
+29316378753 | 1
+29322910544 | 1
+29332371461 | 1
+29351413372 | 1
+29374989266 | 1
+29421173479 | 1
+29424571550 | 1
+29434233517 | 1
+29455042312 | 1
+29458824576 | 1
+29476294293 | 1
+29487506694 | 1
+29488899057 | 1
+29493184053 | 1
+29495758820 | 1
+29526238182 | 1
+29546407055 | 1
+29548832788 | 1
+29554030609 | 1
+29591929219 | 1
+29621177177 | 1
+29633426322 | 1
+29645660346 | 1
+29657086219 | 1
+29669197718 | 1
+29685219422 | 1
+29703893896 | 1
+29760758979 | 1
+29792140344 | 1
+29805143450 | 1
+29815712228 | 1
+29836196424 | 1
+29844396123 | 1
+29853561729 | 1
+29855798522 | 1
+29869848025 | 1
+29897874140 | 1
+29934211666 | 1
+29935866297 | 1
+29958210914 | 1
+29962261316 | 1
+29973202146 | 1
+29979336627 | 1
+29981837273 | 1
+30018329290 | 1
+30064135649 | 1
+30079167079 | 1
+30085618559 | 1
+30095583289 | 1
+30142779393 | 1
+30175856647 | 1
+30178019419 | 1
+30207023563 | 1
+30212400143 | 1
+30212413954 | 1
+30247351573 | 1
+30278987060 | 1
+30308765938 | 1
+30331989994 | 1
+30336335769 | 1
+30344568731 | 1
+30368993239 | 1
+30387585235 | 1
+30490830454 | 1
+30495714280 | 1
+30506543552 | 1
+30509266918 | 1
+30530144664 | 1
+30530480073 | 1
+30537577462 | 1
+30538664173 | 1
+30539356010 | 1
+30590022169 | 1
+30600648939 | 1
+30600781824 | 1
+30625312163 | 1
+30626804722 | 1
+30647427266 | 1
+30674079361 | 1
+30700046785 | 1
+30761467685 | 1
+30761785359 | 1
+30764033284 | 1
+30771032381 | 1
+30778130097 | 1
+30784981556 | 1
+30803853064 | 1
+30833162541 | 1
+30842304304 | 1
+30852839413 | 1
+30855873796 | 1
+30879902507 | 1
+30924404255 | 1
+30928678955 | 1
+30954637773 | 1
+31014088296 | 1
+31018369476 | 1
+31039318690 | 1
+31055886729 | 1
+31075311323 | 1
+31177665881 | 1
+31242920236 | 1
+31258031966 | 1
+31284986086 | 1
+31359996169 | 1
+31361418443 | 1
+31391376411 | 1
+31405226794 | 1
+31412806517 | 1
+31418519022 | 1
+31427314489 | 1
+31459489212 | 1
+31467647395 | 1
+31484319537 | 1
+31522561798 | 1
+31623580154 | 1
+31626773813 | 1
+31632753214 | 1
+31637134698 | 1
+31754427739 | 1
+31773956514 | 1
+31807521855 | 1
+31830591147 | 1
+31854202511 | 1
+31872545554 | 1
+31885180919 | 1
+31897244937 | 1
+31910248793 | 1
+31914099264 | 1
+31932467535 | 1
+31973625633 | 1
+31977583170 | 1
+31990258264 | 1
+31997903352 | 1
+32015110948 | 1
+32035528225 | 1
+32068276917 | 1
+32082196230 | 1
+32083014746 | 1
+32181791261 | 1
+32185576322 | 1
+32230473105 | 1
+32258499685 | 1
+32262749325 | 1
+32275908277 | 1
+32279496775 | 1
+32334603256 | 1
+32342058452 | 1
+32342239905 | 1
+32358032589 | 1
+32371158201 | 1
+32371410484 | 1
+32385855025 | 1
+32399029125 | 1
+32439916323 | 1
+32457410182 | 1
+32462246746 | 1
+32475871012 | 1
+32485007788 | 1
+32489805891 | 1
+32509326786 | 1
+32515305137 | 1
+32550790831 | 1
+32588442247 | 1
+32597505287 | 1
+32605667568 | 1
+32626135395 | 1
+32638254603 | 1
+32654846173 | 1
+32656493003 | 1
+32658751129 | 1
+32693449240 | 1
+32717818439 | 1
+32800423923 | 1
+32821031227 | 1
+32838267249 | 1
+32842042292 | 1
+32852988879 | 1
+32853726361 | 1
+32862949706 | 1
+32885895283 | 1
+32915123418 | 1
+32931778475 | 1
+32944335898 | 1
+32948910335 | 1
+32991355726 | 1
+33039073243 | 1
+33082333443 | 1
+33092232858 | 1
+33126737249 | 1
+33157437471 | 1
+33166995444 | 1
+33188250750 | 1
+33224715207 | 1
+33236931659 | 1
+33261791811 | 1
+33308750887 | 1
+33360834195 | 1
+33381096711 | 1
+33391321367 | 1
+33396884865 | 1
+33397289068 | 1
+33400746271 | 1
+33408124386 | 1
+33442429824 | 1
+33450083599 | 1
+33459485130 | 1
+33465040493 | 1
+33480124801 | 1
+33480300755 | 1
+33496005186 | 1
+33509065395 | 1
+33541209746 | 1
+33551646571 | 1
+33574866667 | 1
+33579005600 | 1
+33580463797 | 1
+33580549526 | 1
+33585158372 | 1
+33589300830 | 1
+33616270921 | 1
+33623471774 | 1
+33631027859 | 1
+33646136890 | 1
+33648218545 | 1
+33649604811 | 1
+33654899965 | 1
+33662218115 | 1
+33674629197 | 1
+33685583514 | 1
+33693108321 | 1
+33694481214 | 1
+33694583655 | 1
+33695892075 | 1
+33703505691 | 1
+33709122771 | 1
+33732719118 | 1
+33748099582 | 1
+33748328372 | 1
+33763726826 | 1
+33788221498 | 1
+33793860379 | 1
+33805071174 | 1
+33821195923 | 1
+33839860881 | 1
+33883189901 | 1
+33888464725 | 1
+33907832204 | 1
+33916160323 | 1
+33955593844 | 1
+33961391726 | 1
+34033560733 | 1
+34048171308 | 1
+34074405855 | 1
+34161998687 | 1
+34173755622 | 1
+34222856970 | 1
+34231493418 | 1
+34237597868 | 1
+34244786075 | 1
+34246170404 | 1
+34247331232 | 1
+34258673235 | 1
+34283555438 | 1
+34314609094 | 1
+34376687831 | 1
+34466872776 | 1
+34482035848 | 1
+34486930161 | 1
+34487159729 | 1
+34514158042 | 1
+34540225312 | 1
+34566848579 | 1
+34573799750 | 1
+34579039260 | 1
+34599190191 | 1
+34603152653 | 1
+34603677260 | 1
+34610658153 | 1
+34658769552 | 1
+34660129569 | 1
+34661365088 | 1
+34671106135 | 1
+34727958302 | 1
+34748452028 | 1
+34757496983 | 1
+34763390508 | 1
+34790661948 | 1
+34792135736 | 1
+34830725413 | 1
+34837133017 | 1
+34840923162 | 1
+34841979994 | 1
+34862581183 | 1
+34866344699 | 1
+34874478226 | 1
+34890049537 | 1
+34901382088 | 1
+34925608353 | 1
+34930481658 | 1
+34938187507 | 1
+34957450099 | 1
+34985932172 | 1
+35002370935 | 1
+35003587747 | 1
+35004738798 | 1
+35013562667 | 1
+35076769331 | 1
+35092486512 | 1
+35107095680 | 1
+35110922212 | 1
+35127136125 | 1
+35137859362 | 1
+35163070266 | 1
+35180034078 | 1
+35205248233 | 1
+35209041120 | 1
+35213133004 | 1
+35218747832 | 1
+35241470207 | 1
+35259422203 | 1
+35270557846 | 1
+35275653844 | 1
+35277340539 | 1
+35297743139 | 1
+35320926808 | 1
+35330695801 | 1
+35401826037 | 1
+35421160537 | 1
+35457219453 | 1
+35467104672 | 1
+35468209682 | 1
+35471594900 | 1
+35526413909 | 1
+35531996075 | 1
+35533239592 | 1
+35542193149 | 1
+35563507606 | 1
+35579439997 | 1
+35625851225 | 1
+35631269794 | 1
+35631633780 | 1
+35651142973 | 1
+35664526543 | 1
+35677887813 | 1
+35697590199 | 1
+35707019491 | 1
+35792368220 | 1
+35799848268 | 1
+35802201676 | 1
+35836804532 | 1
+35851438407 | 1
+35880860768 | 1
+35887631595 | 1
+35908076902 | 1
+35909839661 | 1
+35958998556 | 1
+35960165485 | 1
+35978350995 | 1
+35984641278 | 1
+35999027060 | 1
+36030147995 | 1
+36033255990 | 1
+36079747071 | 1
+36104585971 | 1
+36150198338 | 1
+36167578528 | 1
+36175882330 | 1
+36179535321 | 1
+36205381495 | 1
+36218242590 | 1
+36223697162 | 1
+36233683481 | 1
+36250567037 | 1
+36276820701 | 1
+36315183416 | 1
+36324258580 | 1
+36350125362 | 1
+36356228341 | 1
+36373729402 | 1
+36377455974 | 1
+36391655046 | 1
+36424478765 | 1
+36426323395 | 1
+36465338842 | 1
+36476777226 | 1
+36481844454 | 1
+36482710052 | 1
+36486858542 | 1
+36497679293 | 1
+36506209542 | 1
+36516592325 | 1
+36539702045 | 1
+36540230395 | 1
+36589565621 | 1
+36595816130 | 1
+36596885513 | 1
+36671517918 | 1
+36691136859 | 1
+36724159400 | 1
+36739098304 | 1
+36777918678 | 1
+36828543449 | 1
+36837673747 | 1
+36873735384 | 1
+36919458073 | 1
+36922788241 | 1
+36950545225 | 1
+36954784548 | 1
+36966163306 | 1
+37006710501 | 1
+37022125745 | 1
+37044681546 | 1
+37047316408 | 1
+37051132923 | 1
+37051442981 | 1
+37052144917 | 1
+37077548680 | 1
+37088012787 | 1
+37097997449 | 1
+37108280550 | 1
+37124688679 | 1
+37147721263 | 1
+37162786046 | 1
+37167439480 | 1
+37174897131 | 1
+37192034560 | 1
+37224717707 | 1
+37226433471 | 1
+37245289141 | 1
+37282644342 | 1
+37304254522 | 1
+37324968087 | 1
+37337343851 | 1
+37347182983 | 1
+37355140935 | 1
+37376946389 | 1
+37407381725 | 1
+37459415586 | 1
+37459534681 | 1
+37496308105 | 1
+37506874413 | 1
+37519310381 | 1
+37615049390 | 1
+37624487269 | 1
+37625769384 | 1
+37693982681 | 1
+37700481725 | 1
+37731113503 | 1
+37771644174 | 1
+37821341093 | 1
+37843139385 | 1
+37845160224 | 1
+37857723630 | 1
+37875199063 | 1
+37889686153 | 1
+37893018193 | 1
+37894514024 | 1
+37908476816 | 1
+37915652811 | 1
+37922841158 | 1
+37957306226 | 1
+37966365122 | 1
+37966595497 | 1
+37974380496 | 1
+38014460002 | 1
+38027631968 | 1
+38062601886 | 1
+38065171663 | 1
+38066916940 | 1
+38075376003 | 1
+38132749804 | 1
+38167211204 | 1
+38189376753 | 1
+38219403566 | 1
+38231055045 | 1
+38240077095 | 1
+38300538209 | 1
+38332032481 | 1
+38384795342 | 1
+38388388714 | 1
+38486474986 | 1
+38492143535 | 1
+38508415526 | 1
+38524056340 | 1
+38582247408 | 1
+38583877061 | 1
+38598990453 | 1
+38643974171 | 1
+38646405449 | 1
+38683596196 | 1
+38688630663 | 1
+38689374857 | 1
+38690523897 | 1
+38697802677 | 1
+38703481118 | 1
+38708701025 | 1
+38721891287 | 1
+38729003647 | 1
+38757800781 | 1
+38764451508 | 1
+38771594412 | 1
+38829491958 | 1
+38837757230 | 1
+38849065081 | 1
+38885124899 | 1
+38905851102 | 1
+38946121845 | 1
+38959173522 | 1
+38964575755 | 1
+39013287435 | 1
+39013573535 | 1
+39034459870 | 1
+39048460405 | 1
+39059317284 | 1
+39068640314 | 1
+39084176817 | 1
+39097328540 | 1
+39109784462 | 1
+39119829228 | 1
+39128136361 | 1
+39139888569 | 1
+39168899661 | 1
+39186900296 | 1
+39197302504 | 1
+39249543092 | 1
+39258877449 | 1
+39271233785 | 1
+39288205809 | 1
+39321801321 | 1
+39347385859 | 1
+39440923163 | 1
+39444135042 | 1
+39447967010 | 1
+39460437250 | 1
+39469341420 | 1
+39481838086 | 1
+39504485279 | 1
+39509886930 | 1
+39526936143 | 1
+39557854891 | 1
+39559553936 | 1
+39563821387 | 1
+39606289055 | 1
+39628232516 | 1
+39708932691 | 1
+39718953857 | 1
+39764140264 | 1
+39783976087 | 1
+39786916882 | 1
+39796972581 | 1
+39815716418 | 1
+39834544578 | 1
+39866136418 | 1
+39878641994 | 1
+39897547736 | 1
+39949743391 | 1
+39960746626 | 1
+40042787926 | 1
+40094742166 | 1
+40109772291 | 1
+40135600300 | 1
+40158051317 | 1
+40177615310 | 1
+40219127390 | 1
+40253299362 | 1
+40256496285 | 1
+40268492878 | 1
+40304036113 | 1
+40314199924 | 1
+40328114020 | 1
+40337806607 | 1
+40364873527 | 1
+40381141346 | 1
+40391977836 | 1
+40392071723 | 1
+40409531136 | 1
+40431504873 | 1
+40458638454 | 1
+40462781578 | 1
+40466522218 | 1
+40470263866 | 1
+40494712610 | 1
+40495229907 | 1
+40497792725 | 1
+40501460994 | 1
+40537909523 | 1
+40543451291 | 1
+40562873531 | 1
+40572750208 | 1
+40576886294 | 1
+40595492494 | 1
+40599897855 | 1
+40602253490 | 1
+40622660680 | 1
+40635470721 | 1
+40643050868 | 1
+40645903158 | 1
+40670103725 | 1
+40697289014 | 1
+40699250433 | 1
+40766319730 | 1
+40769929382 | 1
+40787330345 | 1
+40799901628 | 1
+40801167019 | 1
+40831753708 | 1
+40833837593 | 1
+40840005287 | 1
+40856130045 | 1
+40876150464 | 1
+40919016241 | 1
+40960931984 | 1
+40968427681 | 1
+40991327061 | 1
+40992853925 | 1
+40993166767 | 1
+41044719907 | 1
+41086550897 | 1
+41103891313 | 1
+41129829979 | 1
+41152738429 | 1
+41155161673 | 1
+41157591720 | 1
+41182780056 | 1
+41200186651 | 1
+41216607286 | 1
+41243612506 | 1
+41297778112 | 1
+41309592434 | 1
+41332185917 | 1
+41335935773 | 1
+41340469790 | 1
+41361774143 | 1
+41375973727 | 1
+41398911060 | 1
+41402864520 | 1
+41405297932 | 1
+41410099788 | 1
+41479423028 | 1
+41481139456 | 1
+41532244923 | 1
+41564165989 | 1
+41573707502 | 1
+41583966273 | 1
+41614224291 | 1
+41619719787 | 1
+41651382942 | 1
+41659456657 | 1
+41665519109 | 1
+41685688414 | 1
+41709273128 | 1
+41735963360 | 1
+41737627653 | 1
+41775966653 | 1
+41787907495 | 1
+41801627642 | 1
+41845690615 | 1
+41879466737 | 1
+41882323442 | 1
+41894037720 | 1
+41895650741 | 1
+41899211555 | 1
+41938445413 | 1
+41949258206 | 1
+41954459405 | 1
+41959481240 | 1
+41961563842 | 1
+41964695317 | 1
+41981415495 | 1
+42001140125 | 1
+42049036193 | 1
+42057889422 | 1
+42106034765 | 1
+42106579472 | 1
+42125656056 | 1
+42138906625 | 1
+42142536193 | 1
+42153290901 | 1
+42167326768 | 1
+42198682761 | 1
+42202521018 | 1
+42208412773 | 1
+42232142199 | 1
+42262477910 | 1
+42266031073 | 1
+42266924198 | 1
+42267416714 | 1
+42272452142 | 1
+42281172474 | 1
+42286719770 | 1
+42309029137 | 1
+42331112660 | 1
+42336192615 | 1
+42340342104 | 1
+42345895150 | 1
+42355553158 | 1
+42363080526 | 1
+42373709282 | 1
+42375965355 | 1
+42407981630 | 1
+42408174061 | 1
+42410125631 | 1
+42418488889 | 1
+42434648089 | 1
+42439149481 | 1
+42464724152 | 1
+42470582286 | 1
+42503682396 | 1
+42525625318 | 1
+42525847442 | 1
+42534293627 | 1
+42541650329 | 1
+42571095841 | 1
+42575627592 | 1
+42579738087 | 1
+42587135466 | 1
+42597270513 | 1
+42608416259 | 1
+42638812828 | 1
+42670017822 | 1
+42670714673 | 1
+42687888540 | 1
+42701645130 | 1
+42702919494 | 1
+42731842710 | 1
+42797338684 | 1
+42811188661 | 1
+42838840065 | 1
+42846656279 | 1
+42849030548 | 1
+42866437641 | 1
+42885992699 | 1
+42894535132 | 1
+42903486115 | 1
+42909434745 | 1
+42994316668 | 1
+43017660410 | 1
+43044288981 | 1
+43044530614 | 1
+43046352278 | 1
+43081471875 | 1
+43117851944 | 1
+43136778836 | 1
+43179499908 | 1
+43197131892 | 1
+43200318288 | 1
+43221922911 | 1
+43222884606 | 1
+43227881292 | 1
+43272466182 | 1
+43292938113 | 1
+43298300841 | 1
+43301693699 | 1
+43346928657 | 1
+43357634485 | 1
+43404119809 | 1
+43405599354 | 1
+43475960678 | 1
+43497185448 | 1
+43498257589 | 1
+43510364164 | 1
+43512801302 | 1
+43541748703 | 1
+43556948449 | 1
+43581542237 | 1
+43584588121 | 1
+43587201324 | 1
+43602524774 | 1
+43615489976 | 1
+43617314490 | 1
+43699378148 | 1
+43700169216 | 1
+43701431439 | 1
+43720077341 | 1
+43727682698 | 1
+43789357799 | 1
+43838131973 | 1
+43921476158 | 1
+43947509663 | 1
+43981312847 | 1
+43982312372 | 1
+43989952163 | 1
+43991732538 | 1
+43996465474 | 1
+44003716356 | 1
+44010756324 | 1
+44039445216 | 1
+44068636732 | 1
+44068876571 | 1
+44108656153 | 1
+44125180480 | 1
+44144735717 | 1
+44185072807 | 1
+44186737572 | 1
+44208448719 | 1
+44237327685 | 1
+44249683831 | 1
+44249881720 | 1
+44249894221 | 1
+44249996298 | 1
+44308215266 | 1
+44315428077 | 1
+44337507982 | 1
+44361164103 | 1
+44406613763 | 1
+44407896192 | 1
+44419695498 | 1
+44425308906 | 1
+44453114757 | 1
+44481512539 | 1
+44487309755 | 1
+44509643098 | 1
+44522960527 | 1
+44541384649 | 1
+44548161153 | 1
+44562349765 | 1
+44652646039 | 1
+44652940721 | 1
+44667955501 | 1
+44671511299 | 1
+44683119616 | 1
+44693233075 | 1
+44735250235 | 1
+44752733051 | 1
+44756327098 | 1
+44757379295 | 1
+44791146826 | 1
+44841121259 | 1
+44878933366 | 1
+44883710348 | 1
+44912064573 | 1
+44927842686 | 1
+44950346274 | 1
+44980410208 | 1
+45018961636 | 1
+45059124571 | 1
+45069970887 | 1
+45071788186 | 1
+45071983496 | 1
+45078807478 | 1
+45116715961 | 1
+45139832007 | 1
+45159421257 | 1
+45186118336 | 1
+45210816969 | 1
+45222416309 | 1
+45229502408 | 1
+45232674184 | 1
+45234988551 | 1
+45263979786 | 1
+45273954018 | 1
+45274803675 | 1
+45279169498 | 1
+45287664700 | 1
+45298211184 | 1
+45354559025 | 1
+45370837029 | 1
+45410329304 | 1
+45421778365 | 1
+45443420413 | 1
+45456776107 | 1
+45486495022 | 1
+45489727620 | 1
+45500247674 | 1
+45506640389 | 1
+45589872494 | 1
+45600838647 | 1
+45633188322 | 1
+45639621760 | 1
+45647738037 | 1
+45655443430 | 1
+45668967121 | 1
+45726103529 | 1
+45729042518 | 1
+45738581283 | 1
+45748378736 | 1
+45776971037 | 1
+45781376040 | 1
+45796810826 | 1
+45802604019 | 1
+45822689167 | 1
+45857864163 | 1
+45861094956 | 1
+45881294398 | 1
+45886071970 | 1
+45891001570 | 1
+45891363749 | 1
+45915595136 | 1
+45962698450 | 1
+45967352361 | 1
+45986225541 | 1
+46000095220 | 1
+46016773245 | 1
+46045431153 | 1
+46051720894 | 1
+46056968128 | 1
+46101426202 | 1
+46106612579 | 1
+46122367003 | 1
+46173159616 | 1
+46177583112 | 1
+46202511851 | 1
+46248125857 | 1
+46262101710 | 1
+46272486644 | 1
+46304561269 | 1
+46306369783 | 1
+46311945469 | 1
+46314621014 | 1
+46333834635 | 1
+46341470786 | 1
+46349808874 | 1
+46364245452 | 1
+46368103925 | 1
+46381243850 | 1
+46414068205 | 1
+46451739289 | 1
+46453672614 | 1
+46462417250 | 1
+46473744967 | 1
+46495353147 | 1
+46495763805 | 1
+46499808787 | 1
+46521871632 | 1
+46539658665 | 1
+46546894885 | 1
+46547740866 | 1
+46575285774 | 1
+46579119164 | 1
+46579173132 | 1
+46634059319 | 1
+46646777405 | 1
+46659970003 | 1
+46675622942 | 1
+46698365836 | 1
+46707587783 | 1
+46762511390 | 1
+46765716742 | 1
+46778264046 | 1
+46789537602 | 1
+46793077241 | 1
+46805518309 | 1
+46839408193 | 1
+46882905506 | 1
+46895040068 | 1
+46897303471 | 1
+46911417864 | 1
+46931112370 | 1
+46936696456 | 1
+46939641486 | 1
+46973586148 | 1
+46997947519 | 1
+47003262609 | 1
+47018439293 | 1
+47026837930 | 1
+47048667783 | 1
+47051491207 | 1
+47160351479 | 1
+47164562042 | 1
+47172099064 | 1
+47196856562 | 1
+47224812446 | 1
+47227760121 | 1
+47261056563 | 1
+47267959189 | 1
+47312779626 | 1
+47331541956 | 1
+47340167017 | 1
+47350763492 | 1
+47351063752 | 1
+47365787084 | 1
+47385102583 | 1
+47392137703 | 1
+47407381572 | 1
+47414540108 | 1
+47424704804 | 1
+47439975694 | 1
+47445305700 | 1
+47471602205 | 1
+47516737876 | 1
+47537879228 | 1
+47540902358 | 1
+47563077627 | 1
+47576764335 | 1
+47584109362 | 1
+47586202398 | 1
+47589288700 | 1
+47626994146 | 1
+47647076982 | 1
+47670789427 | 1
+47681517357 | 1
+47686642135 | 1
+47690211292 | 1
+47772665570 | 1
+47774844138 | 1
+47784685204 | 1
+47788490745 | 1
+47832324212 | 1
+47842742246 | 1
+47858696027 | 1
+47870795020 | 1
+47878270273 | 1
+47924649448 | 1
+47970915864 | 1
+47978579453 | 1
+47979209314 | 1
+47999672431 | 1
+48002180809 | 1
+48018832655 | 1
+48072339791 | 1
+48075519741 | 1
+48079731118 | 1
+48110838639 | 1
+48118897818 | 1
+48205102159 | 1
+48210559874 | 1
+48213595839 | 1
+48217952176 | 1
+48226601738 | 1
+48246161584 | 1
+48276735918 | 1
+48295636463 | 1
+48304789461 | 1
+48305694234 | 1
+48320923543 | 1
+48326614280 | 1
+48351812290 | 1
+48367936445 | 1
+48390952591 | 1
+48395712911 | 1
+48421148625 | 1
+48446283041 | 1
+48450338421 | 1
+48493623175 | 1
+48511423561 | 1
+48523982132 | 1
+48565726567 | 1
+48572607549 | 1
+48603547414 | 1
+48613867994 | 1
+48627027695 | 1
+48641334459 | 1
+48657555950 | 1
+48662768750 | 1
+48664280733 | 1
+48674982146 | 1
+48685346585 | 1
+48692113110 | 1
+48695018884 | 1
+48722491988 | 1
+48744692483 | 1
+48759059061 | 1
+48775661743 | 1
+48799050315 | 1
+48804872446 | 1
+48827193030 | 1
+48844307974 | 1
+48855530175 | 1
+48875738568 | 1
+48907386287 | 1
+48908960178 | 1
+48918450158 | 1
+48972969127 | 1
+48978310110 | 1
+48980527868 | 1
+48985056897 | 1
+48987861768 | 1
+49030364444 | 1
+49058315443 | 1
+49064954541 | 1
+49075740955 | 1
+49100636409 | 1
+49149116633 | 1
+49173292553 | 1
+49193755685 | 1
+49198843474 | 1
+49200925006 | 1
+49203686815 | 1
+49208677139 | 1
+49250139444 | 1
+49250571870 | 1
+49258767623 | 1
+49265885248 | 1
+49270770706 | 1
+49285919380 | 1
+49301302777 | 1
+49339394242 | 1
+49352565072 | 1
+49366176739 | 1
+49368597782 | 1
+49374989499 | 1
+49375469705 | 1
+49426126657 | 1
+49442328817 | 1
+49461236328 | 1
+49470260917 | 1
+49527941576 | 1
+49538748011 | 1
+49560305905 | 1
+49564746995 | 1
+49566561773 | 1
+49598980579 | 1
+49600809611 | 1
+49603680871 | 1
+49624032030 | 1
+49633761638 | 1
+49636618417 | 1
+49694689571 | 1
+49701330899 | 1
+49751273939 | 1
+49779568124 | 1
+49797711800 | 1
+49866846152 | 1
+49897597171 | 1
+50009583237 | 1
+50016529192 | 1
+50023645304 | 1
+50029983365 | 1
+50038024099 | 1
+50055497227 | 1
+50099728621 | 1
+50106825505 | 1
+50107714625 | 1
+50118692989 | 1
+50119053132 | 1
+50124842503 | 1
+50134026632 | 1
+50151980043 | 1
+50204064362 | 1
+50226092465 | 1
+50240298006 | 1
+50249305240 | 1
+50251533881 | 1
+50261236805 | 1
+50298566341 | 1
+50304242762 | 1
+50333126427 | 1
+50334028478 | 1
+50337515387 | 1
+50340171209 | 1
+50342595915 | 1
+50353202818 | 1
+50389186699 | 1
+50422594563 | 1
+50426695965 | 1
+50443348238 | 1
+50449193900 | 1
+50451983091 | 1
+50464789260 | 1
+50502832362 | 1
+50511662752 | 1
+50560299059 | 1
+50567866930 | 1
+50571212792 | 1
+50642419006 | 1
+50649832463 | 1
+50678550051 | 1
+50703891588 | 1
+50706952121 | 1
+50751088835 | 1
+50772297197 | 1
+50773350581 | 1
+50783014499 | 1
+50792045560 | 1
+50800948515 | 1
+50822621229 | 1
+50856720671 | 1
+50878169119 | 1
+50880175356 | 1
+50899034058 | 1
+50901796944 | 1
+50920826671 | 1
+51008566279 | 1
+51008998807 | 1
+51042890467 | 1
+51056372544 | 1
+51069119097 | 1
+51076573375 | 1
+51088456810 | 1
+51113919034 | 1
+51123171470 | 1
+51127625723 | 1
+51155288878 | 1
+51159687954 | 1
+51172723811 | 1
+51177686509 | 1
+51224111211 | 1
+51240364496 | 1
+51240931722 | 1
+51250942626 | 1
+51258496745 | 1
+51282035059 | 1
+51321584543 | 1
+51358841316 | 1
+51377319497 | 1
+51410949922 | 1
+51488538358 | 1
+51490453011 | 1
+51507472726 | 1
+51511032708 | 1
+51534971731 | 1
+51559996072 | 1
+51561225457 | 1
+51582384569 | 1
+51599910990 | 1
+51621798306 | 1
+51627814486 | 1
+51628011240 | 1
+51637507452 | 1
+51637738950 | 1
+51638387514 | 1
+51672375725 | 1
+51690887496 | 1
+51706243602 | 1
+51751853082 | 1
+51762267709 | 1
+51786728905 | 1
+51815089893 | 1
+51830975364 | 1
+51838684657 | 1
+51847213752 | 1
+51861337277 | 1
+51906061509 | 1
+51909873378 | 1
+51925583572 | 1
+51941113075 | 1
+51966530452 | 1
+51976704713 | 1
+51995344960 | 1
+52008479604 | 1
+52097466544 | 1
+52114509375 | 1
+52126558382 | 1
+52158684904 | 1
+52169968995 | 1
+52174483698 | 1
+52195503400 | 1
+52294084547 | 1
+52317921599 | 1
+52326979788 | 1
+52333822284 | 1
+52338858040 | 1
+52340870552 | 1
+52366762235 | 1
+52368877713 | 1
+52372178328 | 1
+52373811544 | 1
+52378823174 | 1
+52388943158 | 1
+52413736380 | 1
+52450342743 | 1
+52451280162 | 1
+52461065171 | 1
+52490772357 | 1
+52497239600 | 1
+52516447205 | 1
+52517730799 | 1
+52518460087 | 1
+52544909872 | 1
+52562887957 | 1
+52586224643 | 1
+52595506609 | 1
+52604094201 | 1
+52631533045 | 1
+52644561210 | 1
+52676527685 | 1
+52719603441 | 1
+52770815600 | 1
+52823855544 | 1
+52827403612 | 1
+52844119798 | 1
+52888138839 | 1
+52906630513 | 1
+52912750622 | 1
+52934675967 | 1
+52942174807 | 1
+52959628558 | 1
+52964923859 | 1
+52968552696 | 1
+53002770019 | 1
+53006966767 | 1
+53009025192 | 1
+53017568698 | 1
+53021146768 | 1
+53030700944 | 1
+53038868596 | 1
+53041635581 | 1
+53042039381 | 1
+53104922830 | 1
+53112586005 | 1
+53116780214 | 1
+53119293382 | 1
+53138195956 | 1
+53197914799 | 1
+53210983228 | 1
+53230929720 | 1
+53232977857 | 1
+53281238992 | 1
+53287749426 | 1
+53311556325 | 1
+53328864073 | 1
+53386451775 | 1
+53403919450 | 1
+53444378065 | 1
+53483098789 | 1
+53493978782 | 1
+53495247762 | 1
+53523275521 | 1
+53526937827 | 1
+53530204526 | 1
+53539878260 | 1
+53618439494 | 1
+53645801930 | 1
+53649350895 | 1
+53669029335 | 1
+53681220638 | 1
+53686906738 | 1
+53689214873 | 1
+53726859880 | 1
+53757084767 | 1
+53761635969 | 1
+53779662528 | 1
+53826242989 | 1
+53869921915 | 1
+53895317794 | 1
+53925577741 | 1
+53947431530 | 1
+53962834383 | 1
+53973202066 | 1
+54003621695 | 1
+54024474994 | 1
+54055315025 | 1
+54068884379 | 1
+54078402994 | 1
+54087058317 | 1
+54100595203 | 1
+54103260539 | 1
+54109229563 | 1
+54119504667 | 1
+54121587965 | 1
+54128979381 | 1
+54133386842 | 1
+54151300687 | 1
+54181005040 | 1
+54183188124 | 1
+54187020319 | 1
+54265140448 | 1
+54279312467 | 1
+54287878193 | 1
+54303566571 | 1
+54308873818 | 1
+54319744096 | 1
+54327171453 | 1
+54350281613 | 1
+54360238020 | 1
+54378182523 | 1
+54384480701 | 1
+54404046216 | 1
+54428595615 | 1
+54438400120 | 1
+54490769641 | 1
+54497156809 | 1
+54499940966 | 1
+54501900034 | 1
+54545195680 | 1
+54619825685 | 1
+54644512291 | 1
+54644769402 | 1
+54665975060 | 1
+54670878225 | 1
+54720965288 | 1
+54756408161 | 1
+54791682040 | 1
+54796657681 | 1
+54800975229 | 1
+54824361737 | 1
+54834740949 | 1
+54864664149 | 1
+54905206492 | 1
+54919790014 | 1
+54924598603 | 1
+54929134551 | 1
+54929601745 | 1
+54941467809 | 1
+54961171841 | 1
+54989446166 | 1
+54995475013 | 1
+55054362064 | 1
+55065341822 | 1
+55066581270 | 1
+55073297513 | 1
+55095330786 | 1
+55102525792 | 1
+55152517854 | 1
+55177107730 | 1
+55179659715 | 1
+55210110479 | 1
+55242138135 | 1
+55250698947 | 1
+55252191384 | 1
+55252597844 | 1
+55330356355 | 1
+55421595259 | 1
+55435014624 | 1
+55463378466 | 1
+55481817744 | 1
+55502806712 | 1
+55564175541 | 1
+55570785659 | 1
+55578322610 | 1
+55580345258 | 1
+55612623606 | 1
+55657884130 | 1
+55660216885 | 1
+55664820575 | 1
+55666661732 | 1
+55668709266 | 1
+55733986520 | 1
+55737635076 | 1
+55769398104 | 1
+55786973598 | 1
+55787609629 | 1
+55816752536 | 1
+55825997400 | 1
+55826826479 | 1
+55829675821 | 1
+55831509112 | 1
+55835924826 | 1
+55845235138 | 1
+55849719575 | 1
+55877312905 | 1
+55888786675 | 1
+55904011469 | 1
+55927878396 | 1
+55950443689 | 1
+55950795837 | 1
+55957695892 | 1
+55966033708 | 1
+55969500595 | 1
+55975336436 | 1
+55986358152 | 1
+55987899819 | 1
+55988646400 | 1
+56024767620 | 1
+56043787326 | 1
+56049042313 | 1
+56087925367 | 1
+56091848950 | 1
+56091890941 | 1
+56120764533 | 1
+56136301944 | 1
+56138016726 | 1
+56147069689 | 1
+56167737485 | 1
+56179117849 | 1
+56180552740 | 1
+56225483381 | 1
+56228631876 | 1
+56235223133 | 1
+56253981548 | 1
+56255434989 | 1
+56275388853 | 1
+56279282888 | 1
+56279508658 | 1
+56312496216 | 1
+56364045369 | 1
+56390186998 | 1
+56399041745 | 1
+56401246467 | 1
+56416297313 | 1
+56421388290 | 1
+56433322012 | 1
+56446086549 | 1
+56448329292 | 1
+56449149622 | 1
+56455778847 | 1
+56464482445 | 1
+56488934740 | 1
+56495061670 | 1
+56502416143 | 1
+56508391980 | 1
+56517895451 | 1
+56518282484 | 1
+56523827432 | 1
+56528165344 | 1
+56536695819 | 1
+56570026720 | 1
+56570406859 | 1
+56620436203 | 1
+56628629740 | 1
+56628840608 | 1
+56644649274 | 1
+56659671972 | 1
+56680517036 | 1
+56684217777 | 1
+56716126076 | 1
+56734782437 | 1
+56766444336 | 1
+56769493604 | 1
+56774243431 | 1
+56787874547 | 1
+56794585449 | 1
+56796330425 | 1
+56829381135 | 1
+56830906803 | 1
+56831338773 | 1
+56836745750 | 1
+56893621645 | 1
+56909586972 | 1
+56977537546 | 1
+56995271987 | 1
+56998023294 | 1
+57014732513 | 1
+57016098404 | 1
+57022999594 | 1
+57067000963 | 1
+57068414239 | 1
+57082540732 | 1
+57086720584 | 1
+57098229321 | 1
+57107725341 | 1
+57116426782 | 1
+57122481814 | 1
+57141923231 | 1
+57150307667 | 1
+57156083580 | 1
+57199855602 | 1
+57205345050 | 1
+57242296474 | 1
+57265296866 | 1
+57315125037 | 1
+57326079667 | 1
+57337358894 | 1
+57359712703 | 1
+57368129587 | 1
+57391811918 | 1
+57426692805 | 1
+57445683999 | 1
+57485327424 | 1
+57514528902 | 1
+57529430503 | 1
+57533953317 | 1
+57603789644 | 1
+57609912355 | 1
+57613249891 | 1
+57641900311 | 1
+57645131869 | 1
+57650784600 | 1
+57687046917 | 1
+57723784339 | 1
+57731880387 | 1
+57765690249 | 1
+57770254753 | 1
+57770663348 | 1
+57773105764 | 1
+57787651049 | 1
+57798055145 | 1
+57809292657 | 1
+57842832974 | 1
+57868421739 | 1
+57885859006 | 1
+57899065980 | 1
+57939429441 | 1
+57948356484 | 1
+57974428927 | 1
+57993689138 | 1
+57994651895 | 1
+58006920200 | 1
+58027877270 | 1
+58066021574 | 1
+58101164579 | 1
+58161980608 | 1
+58164481471 | 1
+58168486858 | 1
+58226539580 | 1
+58253204074 | 1
+58265260533 | 1
+58283316407 | 1
+58294727583 | 1
+58328897513 | 1
+58346983440 | 1
+58388527653 | 1
+58419940231 | 1
+58422498039 | 1
+58458753212 | 1
+58470509331 | 1
+58516327300 | 1
+58520764561 | 1
+58521717374 | 1
+58550088545 | 1
+58565444761 | 1
+58566955012 | 1
+58605047870 | 1
+58608427330 | 1
+58608864158 | 1
+58621910546 | 1
+58655858364 | 1
+58657270676 | 1
+58708924933 | 1
+58715605683 | 1
+58725130600 | 1
+58752114549 | 1
+58777602294 | 1
+58803179854 | 1
+58816590214 | 1
+58823214893 | 1
+58848834923 | 1
+58891730044 | 1
+58923303611 | 1
+58930283829 | 1
+58971826128 | 1
+59005003953 | 1
+59038421905 | 1
+59077233132 | 1
+59078037781 | 1
+59082553900 | 1
+59109358326 | 1
+59121675217 | 1
+59137629697 | 1
+59144165453 | 1
+59171537241 | 1
+59173651087 | 1
+59190477082 | 1
+59196379156 | 1
+59209085273 | 1
+59224061499 | 1
+59226264065 | 1
+59232619376 | 1
+59234544780 | 1
+59236185834 | 1
+59258832959 | 1
+59276651872 | 1
+59291443985 | 1
+59304802384 | 1
+59333031959 | 1
+59364983089 | 1
+59395775966 | 1
+59431010620 | 1
+59451654642 | 1
+59460632005 | 1
+59467516899 | 1
+59477142967 | 1
+59479734174 | 1
+59495803868 | 1
+59512048580 | 1
+59518203152 | 1
+59525428714 | 1
+59526241724 | 1
+59528123608 | 1
+59539396991 | 1
+59565101017 | 1
+59594531658 | 1
+59617356373 | 1
+59649599168 | 1
+59650973252 | 1
+59658483814 | 1
+59670934941 | 1
+59734719254 | 1
+59753480807 | 1
+59764259317 | 1
+59784445792 | 1
+59820122140 | 1
+59829102195 | 1
+59857277082 | 1
+59934958147 | 1
+59947756139 | 1
+59950699598 | 1
+59951726444 | 1
+59993755295 | 1
+60016395582 | 1
+60029215804 | 1
+60036983740 | 1
+60046816429 | 1
+60073842860 | 1
+60093087557 | 1
+60129872429 | 1
+60135473293 | 1
+60136274340 | 1
+60159848435 | 1
+60191247345 | 1
+60201784280 | 1
+60205392661 | 1
+60208177394 | 1
+60209579875 | 1
+60218179123 | 1
+60238616341 | 1
+60240105825 | 1
+60268860579 | 1
+60285915296 | 1
+60320869173 | 1
+60357677868 | 1
+60377219782 | 1
+60384433313 | 1
+60392292405 | 1
+60395024231 | 1
+60422472573 | 1
+60466831877 | 1
+60518388521 | 1
+60548017316 | 1
+60603430432 | 1
+60605065222 | 1
+60609719244 | 1
+60627779035 | 1
+60635471198 | 1
+60650319339 | 1
+60672655455 | 1
+60684822570 | 1
+60721532726 | 1
+60818946168 | 1
+60823271749 | 1
+60828878776 | 1
+60845435361 | 1
+60877985676 | 1
+60899370215 | 1
+60929842212 | 1
+60954736480 | 1
+60983949324 | 1
+60985907008 | 1
+60989595806 | 1
+60991093092 | 1
+61012795093 | 1
+61029286125 | 1
+61039937193 | 1
+61052736566 | 1
+61076436726 | 1
+61090384927 | 1
+61096830389 | 1
+61102325285 | 1
+61138437862 | 1
+61145398758 | 1
+61153999689 | 1
+61158063292 | 1
+61171125750 | 1
+61192528956 | 1
+61192716891 | 1
+61198532532 | 1
+61216842743 | 1
+61239969653 | 1
+61254811632 | 1
+61257000386 | 1
+61270628650 | 1
+61275502673 | 1
+61278768560 | 1
+61281859197 | 1
+61306841436 | 1
+61322662442 | 1
+61338301625 | 1
+61338995200 | 1
+61356939977 | 1
+61369885818 | 1
+61394777141 | 1
+61397985918 | 1
+61425004566 | 1
+61454677752 | 1
+61456888907 | 1
+61491143377 | 1
+61512672057 | 1
+61533807255 | 1
+61549984734 | 1
+61557479509 | 1
+61572179626 | 1
+61591525728 | 1
+61594400930 | 1
+61594430972 | 1
+61599689112 | 1
+61610123825 | 1
+61651880332 | 1
+61667736670 | 1
+61674919377 | 1
+61704217818 | 1
+61705258016 | 1
+61705640136 | 1
+61707668033 | 1
+61737016123 | 1
+61777432487 | 1
+61783208549 | 1
+61793819209 | 1
+61801218348 | 1
+61827195111 | 1
+61880933057 | 1
+61919398093 | 1
+61935105585 | 1
+61941691365 | 1
+61976067901 | 1
+61999989843 | 1
+62003458115 | 1
+62031328434 | 1
+62033404386 | 1
+62037751382 | 1
+62066475978 | 1
+62074393918 | 1
+62110089031 | 1
+62112784125 | 1
+62121274551 | 1
+62131230725 | 1
+62146461662 | 1
+62195455868 | 1
+62220914177 | 1
+62224887710 | 1
+62241467559 | 1
+62251729088 | 1
+62257930501 | 1
+62266714993 | 1
+62274032630 | 1
+62287866426 | 1
+62356773746 | 1
+62383851074 | 1
+62399673941 | 1
+62405644019 | 1
+62424183696 | 1
+62430279373 | 1
+62458224615 | 1
+62474449459 | 1
+62484000538 | 1
+62487962978 | 1
+62495858649 | 1
+62523403117 | 1
+62558621232 | 1
+62571188097 | 1
+62578904894 | 1
+62603101538 | 1
+62614472873 | 1
+62632825740 | 1
+62651464853 | 1
+62654153971 | 1
+62667010198 | 1
+62681016972 | 1
+62695620648 | 1
+62743264004 | 1
+62744673285 | 1
+62749574204 | 1
+62794482314 | 1
+62805369837 | 1
+62822461234 | 1
+62833472678 | 1
+62836214382 | 1
+62859399578 | 1
+62864710896 | 1
+62873047484 | 1
+62874450081 | 1
+62879564147 | 1
+62886178487 | 1
+62906830988 | 1
+62929537153 | 1
+62951676008 | 1
+62955545169 | 1
+62961109251 | 1
+62985155461 | 1
+62991993296 | 1
+62996536816 | 1
+63007919402 | 1
+63009723377 | 1
+63012113485 | 1
+63038582220 | 1
+63039544773 | 1
+63040703801 | 1
+63047942400 | 1
+63059043328 | 1
+63068249263 | 1
+63099544155 | 1
+63106967922 | 1
+63125005477 | 1
+63128870068 | 1
+63158678850 | 1
+63183887640 | 1
+63227951171 | 1
+63256495181 | 1
+63311194923 | 1
+63314914354 | 1
+63318787451 | 1
+63339470204 | 1
+63381436628 | 1
+63387010867 | 1
+63424908349 | 1
+63428655765 | 1
+63456908635 | 1
+63468020433 | 1
+63533221739 | 1
+63582631636 | 1
+63587028407 | 1
+63589815484 | 1
+63626313354 | 1
+63645455278 | 1
+63646226196 | 1
+63649716991 | 1
+63652190774 | 1
+63692089198 | 1
+63756155868 | 1
+63771740489 | 1
+63812611191 | 1
+63818739216 | 1
+63979277321 | 1
+63983328474 | 1
+64004740805 | 1
+64019516072 | 1
+64030798145 | 1
+64049100239 | 1
+64082778381 | 1
+64106642199 | 1
+64125620790 | 1
+64155746224 | 1
+64164177472 | 1
+64173259130 | 1
+64201928493 | 1
+64210818630 | 1
+64218530075 | 1
+64220868083 | 1
+64238228580 | 1
+64239226382 | 1
+64267647541 | 1
+64291852982 | 1
+64318020915 | 1
+64318283948 | 1
+64350191904 | 1
+64360803624 | 1
+64361266385 | 1
+64381573367 | 1
+64383591207 | 1
+64392888543 | 1
+64419430871 | 1
+64465448557 | 1
+64475073525 | 1
+64531195051 | 1
+64556827436 | 1
+64563312751 | 1
+64622260593 | 1
+64633728351 | 1
+64660501972 | 1
+64666072172 | 1
+64670208173 | 1
+64675621430 | 1
+64679661140 | 1
+64710620283 | 1
+64711359103 | 1
+64714936622 | 1
+64729476228 | 1
+64740619286 | 1
+64742730400 | 1
+64768460956 | 1
+64769477633 | 1
+64790173478 | 1
+64792616344 | 1
+64801104763 | 1
+64811452526 | 1
+64820445828 | 1
+64820643553 | 1
+64847881281 | 1
+64881496612 | 1
+64884783832 | 1
+64927842509 | 1
+64985620023 | 1
+65041012869 | 1
+65046919669 | 1
+65055636689 | 1
+65079468425 | 1
+65092571173 | 1
+65119807831 | 1
+65140336281 | 1
+65144396736 | 1
+65187948650 | 1
+65243835234 | 1
+65262529780 | 1
+65300756270 | 1
+65309684784 | 1
+65315725158 | 1
+65394584210 | 1
+65426835913 | 1
+65428828982 | 1
+65434071798 | 1
+65469711086 | 1
+65471786352 | 1
+65474025660 | 1
+65502584495 | 1
+65536008137 | 1
+65539068933 | 1
+65562823684 | 1
+65575416477 | 1
+65592254105 | 1
+65609305364 | 1
+65617053722 | 1
+65649123370 | 1
+65679454748 | 1
+65698580221 | 1
+65700257109 | 1
+65713138129 | 1
+65718252694 | 1
+65721692204 | 1
+65729146001 | 1
+65757365570 | 1
+65769015489 | 1
+65773327192 | 1
+65777764008 | 1
+65778816984 | 1
+65804251665 | 1
+65826596322 | 1
+65828801802 | 1
+65867752233 | 1
+65868999267 | 1
+65892813950 | 1
+65904904544 | 1
+65905474035 | 1
+65921898527 | 1
+65935823705 | 1
+65942488879 | 1
+65967588239 | 1
+65984194106 | 1
+65997640438 | 1
+66044672436 | 1
+66070289067 | 1
+66081069367 | 1
+66186016361 | 1
+66192978575 | 1
+66212647251 | 1
+66264154087 | 1
+66279193385 | 1
+66285279761 | 1
+66298695131 | 1
+66307759070 | 1
+66310759993 | 1
+66329945646 | 1
+66343300459 | 1
+66357923406 | 1
+66366531774 | 1
+66372041091 | 1
+66377716051 | 1
+66417308981 | 1
+66423191806 | 1
+66457079081 | 1
+66466613540 | 1
+66479257844 | 1
+66481938717 | 1
+66489445129 | 1
+66499371140 | 1
+66502873653 | 1
+66526995148 | 1
+66616988669 | 1
+66618211566 | 1
+66621301455 | 1
+66625003341 | 1
+66627559626 | 1
+66652000167 | 1
+66680537162 | 1
+66707521427 | 1
+66731263341 | 1
+66761840044 | 1
+66809785691 | 1
+66828905738 | 1
+66837186145 | 1
+66853497399 | 1
+66858762518 | 1
+66897146715 | 1
+66897653619 | 1
+66900718858 | 1
+66963742244 | 1
+66987303652 | 1
+66998296851 | 1
+67037695361 | 1
+67047881526 | 1
+67082616812 | 1
+67093906599 | 1
+67101783450 | 1
+67120505696 | 1
+67120714755 | 1
+67147411894 | 1
+67158731892 | 1
+67171736091 | 1
+67185806054 | 1
+67190121028 | 1
+67203882996 | 1
+67223244991 | 1
+67249057847 | 1
+67257383231 | 1
+67258893538 | 1
+67268472635 | 1
+67271321497 | 1
+67321255276 | 1
+67321615762 | 1
+67324991149 | 1
+67327401284 | 1
+67329795261 | 1
+67329797186 | 1
+67330355307 | 1
+67371149342 | 1
+67376934270 | 1
+67386391418 | 1
+67408076449 | 1
+67419286971 | 1
+67470008873 | 1
+67475107223 | 1
+67485959971 | 1
+67521702208 | 1
+67526133977 | 1
+67530347371 | 1
+67555724509 | 1
+67563132347 | 1
+67568091945 | 1
+67568498810 | 1
+67594093924 | 1
+67616883799 | 1
+67625018053 | 1
+67634930068 | 1
+67640098334 | 1
+67640973938 | 1
+67670215997 | 1
+67694812439 | 1
+67700720486 | 1
+67756820583 | 1
+67761096139 | 1
+67780139887 | 1
+67782175757 | 1
+67793341921 | 1
+67817157712 | 1
+67835518689 | 1
+67849687037 | 1
+67855452859 | 1
+67870033044 | 1
+67870350065 | 1
+67932769396 | 1
+67940341764 | 1
+68015697026 | 1
+68020268443 | 1
+68032506256 | 1
+68043749625 | 1
+68064095583 | 1
+68070014419 | 1
+68140732097 | 1
+68141709794 | 1
+68144484904 | 1
+68153359613 | 1
+68156032625 | 1
+68237558478 | 1
+68253985288 | 1
+68285304018 | 1
+68307059104 | 1
+68336262703 | 1
+68372317778 | 1
+68381113870 | 1
+68398206503 | 1
+68406230087 | 1
+68414057223 | 1
+68417385035 | 1
+68420487107 | 1
+68464890624 | 1
+68469009358 | 1
+68478983269 | 1
+68507587135 | 1
+68508471839 | 1
+68564348767 | 1
+68565089963 | 1
+68585423823 | 1
+68640384601 | 1
+68663091356 | 1
+68667650570 | 1
+68682144529 | 1
+68697228291 | 1
+68712216698 | 1
+68721877205 | 1
+68760850927 | 1
+68767024873 | 1
+68771643140 | 1
+68785892710 | 1
+68799184785 | 1
+68860536690 | 1
+68868263028 | 1
+68919653195 | 1
+68937897383 | 1
+68945003075 | 1
+68960603983 | 1
+68965282257 | 1
+68967591703 | 1
+69085823763 | 1
+69103835238 | 1
+69114315372 | 1
+69117536697 | 1
+69134114000 | 1
+69134233605 | 1
+69147342536 | 1
+69152963149 | 1
+69186828105 | 1
+69255608781 | 1
+69263622111 | 1
+69305571106 | 1
+69312944630 | 1
+69329763680 | 1
+69386665426 | 1
+69388994814 | 1
+69392756007 | 1
+69393495618 | 1
+69422910788 | 1
+69441094422 | 1
+69462551538 | 1
+69476116673 | 1
+69478365908 | 1
+69496148327 | 1
+69503093192 | 1
+69528428210 | 1
+69540728563 | 1
+69541039578 | 1
+69606938039 | 1
+69631170660 | 1
+69646364107 | 1
+69647372989 | 1
+69648504043 | 1
+69682365804 | 1
+69743123185 | 1
+69743261196 | 1
+69744421348 | 1
+69766981183 | 1
+69831861747 | 1
+69885175248 | 1
+69920005521 | 1
+69926596704 | 1
+69967672954 | 1
+69977766606 | 1
+69978624044 | 1
+70012565966 | 1
+70031537756 | 1
+70039429067 | 1
+70046439899 | 1
+70050543691 | 1
+70061017045 | 1
+70094271993 | 1
+70103469034 | 1
+70105394384 | 1
+70156372446 | 1
+70164667283 | 1
+70171168255 | 1
+70174359459 | 1
+70184222350 | 1
+70217654411 | 1
+70242781400 | 1
+70259779897 | 1
+70260145629 | 1
+70281320385 | 1
+70309897578 | 1
+70310262555 | 1
+70310452878 | 1
+70317218142 | 1
+70333403357 | 1
+70338431511 | 1
+70340424415 | 1
+70374868232 | 1
+70388850528 | 1
+70408320541 | 1
+70408688122 | 1
+70450233793 | 1
+70472209546 | 1
+70472310295 | 1
+70494470312 | 1
+70500208198 | 1
+70516212688 | 1
+70557737978 | 1
+70562917863 | 1
+70564770908 | 1
+70578184005 | 1
+70584729684 | 1
+70585522684 | 1
+70638556575 | 1
+70648701329 | 1
+70656639775 | 1
+70714414127 | 1
+70735340168 | 1
+70741102283 | 1
+70744866689 | 1
+70754149499 | 1
+70779053334 | 1
+70780734840 | 1
+70795450884 | 1
+70817229705 | 1
+70820093407 | 1
+70821557438 | 1
+70829497494 | 1
+70838951785 | 1
+70839235996 | 1
+70844664741 | 1
+70851555824 | 1
+70902202763 | 1
+70914030229 | 1
+70968439215 | 1
+70974382795 | 1
+70981614965 | 1
+71099413948 | 1
+71103155522 | 1
+71127698945 | 1
+71141774025 | 1
+71167455393 | 1
+71171444613 | 1
+71191853597 | 1
+71229821642 | 1
+71233067164 | 1
+71261893349 | 1
+71367450377 | 1
+71370649654 | 1
+71425318491 | 1
+71426462590 | 1
+71434896808 | 1
+71439360685 | 1
+71473680643 | 1
+71486950887 | 1
+71490905080 | 1
+71492236463 | 1
+71499537416 | 1
+71522875057 | 1
+71527692562 | 1
+71568850754 | 1
+71591111041 | 1
+71616420229 | 1
+71648720667 | 1
+71676610106 | 1
+71689562481 | 1
+71720157595 | 1
+71745224311 | 1
+71772434178 | 1
+71774759673 | 1
+71777845624 | 1
+71802740957 | 1
+71845047085 | 1
+71968602729 | 1
+72015276003 | 1
+72039130765 | 1
+72050959783 | 1
+72105088115 | 1
+72112205987 | 1
+72123197015 | 1
+72134377731 | 1
+72143779016 | 1
+72145854511 | 1
+72153273017 | 1
+72199791195 | 1
+72232240313 | 1
+72236740662 | 1
+72271279965 | 1
+72276352336 | 1
+72297687727 | 1
+72326825133 | 1
+72359682448 | 1
+72375479483 | 1
+72378469647 | 1
+72478929149 | 1
+72494758887 | 1
+72503856102 | 1
+72520134118 | 1
+72559570937 | 1
+72575434605 | 1
+72612752610 | 1
+72618550641 | 1
+72619244169 | 1
+72628583125 | 1
+72637510436 | 1
+72644106261 | 1
+72648621746 | 1
+72658599778 | 1
+72685465976 | 1
+72693355249 | 1
+72699322030 | 1
+72715281577 | 1
+72721207715 | 1
+72729009202 | 1
+72780423913 | 1
+72808187026 | 1
+72809909306 | 1
+72813228297 | 1
+72861744466 | 1
+72866090696 | 1
+72875772982 | 1
+72879164275 | 1
+72888086039 | 1
+72925951427 | 1
+72974244791 | 1
+73045936077 | 1
+73055038741 | 1
+73069847487 | 1
+73071039460 | 1
+73082347747 | 1
+73087977481 | 1
+73088697544 | 1
+73100311613 | 1
+73100686897 | 1
+73127756915 | 1
+73136916006 | 1
+73160882974 | 1
+73168496563 | 1
+73223313442 | 1
+73244168738 | 1
+73244645933 | 1
+73259629168 | 1
+73307582488 | 1
+73320960380 | 1
+73324979203 | 1
+73326395835 | 1
+73328528025 | 1
+73344669062 | 1
+73354000311 | 1
+73366729003 | 1
+73375042326 | 1
+73380040444 | 1
+73391391690 | 1
+73393728944 | 1
+73407385177 | 1
+73410566353 | 1
+73428166084 | 1
+73430076010 | 1
+73437036034 | 1
+73453295424 | 1
+73466938540 | 1
+73478902054 | 1
+73484635907 | 1
+73494840823 | 1
+73494936229 | 1
+73506316867 | 1
+73510014727 | 1
+73521626482 | 1
+73544920078 | 1
+73561379465 | 1
+73566006178 | 1
+73571273369 | 1
+73608010948 | 1
+73618059733 | 1
+73621985468 | 1
+73652053793 | 1
+73657432405 | 1
+73691706113 | 1
+73705971048 | 1
+73714880576 | 1
+73736436652 | 1
+73736496146 | 1
+73792731364 | 1
+73809918871 | 1
+73810586094 | 1
+73866826181 | 1
+73871018533 | 1
+73873402601 | 1
+73874369034 | 1
+73883209219 | 1
+73883446179 | 1
+73895902138 | 1
+73898386217 | 1
+73914596215 | 1
+73970444756 | 1
+73994211958 | 1
+73997403773 | 1
+73997635969 | 1
+73998841148 | 1
+74032047237 | 1
+74112645864 | 1
+74124746149 | 1
+74127268742 | 1
+74143511431 | 1
+74166862346 | 1
+74174093228 | 1
+74209614454 | 1
+74227111196 | 1
+74230155569 | 1
+74259945467 | 1
+74279149381 | 1
+74293997444 | 1
+74307601453 | 1
+74319263190 | 1
+74324181912 | 1
+74330316771 | 1
+74339390407 | 1
+74343695028 | 1
+74362350496 | 1
+74400242591 | 1
+74427995614 | 1
+74454455260 | 1
+74469446271 | 1
+74505605129 | 1
+74565274403 | 1
+74571778292 | 1
+74574153449 | 1
+74647836246 | 1
+74653313842 | 1
+74666176667 | 1
+74698318602 | 1
+74725926126 | 1
+74747479766 | 1
+74758681342 | 1
+74762918963 | 1
+74810044828 | 1
+74810781970 | 1
+74816623554 | 1
+74844220648 | 1
+74854042502 | 1
+74867962378 | 1
+74887484881 | 1
+74888991149 | 1
+74912387293 | 1
+74930092181 | 1
+74952355047 | 1
+74987450650 | 1
+74990778720 | 1
+74998082701 | 1
+74998573961 | 1
+75020628348 | 1
+75027061033 | 1
+75056017582 | 1
+75068227797 | 1
+75076842032 | 1
+75089847810 | 1
+75127419191 | 1
+75133430662 | 1
+75133562959 | 1
+75183875885 | 1
+75192084572 | 1
+75232611832 | 1
+75236288404 | 1
+75239569868 | 1
+75257100073 | 1
+75338245843 | 1
+75355289224 | 1
+75356430507 | 1
+75357148820 | 1
+75382855519 | 1
+75395305143 | 1
+75406301731 | 1
+75418611900 | 1
+75429586867 | 1
+75432102098 | 1
+75439571524 | 1
+75461757878 | 1
+75465840900 | 1
+75486387447 | 1
+75487389793 | 1
+75493565450 | 1
+75531516231 | 1
+75570748776 | 1
+75593385316 | 1
+75635466747 | 1
+75653912626 | 1
+75660975131 | 1
+75661124516 | 1
+75663724944 | 1
+75665454363 | 1
+75674777638 | 1
+75680219523 | 1
+75736015675 | 1
+75743344702 | 1
+75747112052 | 1
+75795742057 | 1
+75801166026 | 1
+75818950856 | 1
+75845476719 | 1
+75872304811 | 1
+75880093426 | 1
+75887329297 | 1
+75891019765 | 1
+75897440400 | 1
+75905526058 | 1
+75924543293 | 1
+75930272243 | 1
+75934592679 | 1
+75950715517 | 1
+75963868189 | 1
+75995095390 | 1
+75999805051 | 1
+76001773184 | 1
+76010128239 | 1
+76017386624 | 1
+76039968025 | 1
+76076284059 | 1
+76130462627 | 1
+76148204925 | 1
+76151281578 | 1
+76156676507 | 1
+76166236871 | 1
+76167532642 | 1
+76180365603 | 1
+76182636677 | 1
+76182751903 | 1
+76230698451 | 1
+76236148780 | 1
+76247899565 | 1
+76270582062 | 1
+76376854960 | 1
+76379998780 | 1
+76437456843 | 1
+76442902929 | 1
+76540260280 | 1
+76577386386 | 1
+76605697063 | 1
+76635945251 | 1
+76658110605 | 1
+76737797451 | 1
+76738175960 | 1
+76778718362 | 1
+76807888099 | 1
+76845113489 | 1
+76857346445 | 1
+76863080083 | 1
+76867438935 | 1
+76881468038 | 1
+76891459140 | 1
+76897609948 | 1
+76911310375 | 1
+76921341591 | 1
+76921517407 | 1
+76944767949 | 1
+76946034848 | 1
+76971459891 | 1
+76988278308 | 1
+77009777913 | 1
+77013496305 | 1
+77029056312 | 1
+77047227926 | 1
+77086529575 | 1
+77141958470 | 1
+77154363227 | 1
+77159001560 | 1
+77163062527 | 1
+77178108858 | 1
+77223540494 | 1
+77277529291 | 1
+77277973734 | 1
+77304654843 | 1
+77319972063 | 1
+77321794471 | 1
+77342629947 | 1
+77345629348 | 1
+77377757382 | 1
+77389742748 | 1
+77391111119 | 1
+77392430039 | 1
+77404214652 | 1
+77405892564 | 1
+77439917567 | 1
+77442690644 | 1
+77443446662 | 1
+77446233251 | 1
+77482731060 | 1
+77505767237 | 1
+77540870873 | 1
+77541965925 | 1
+77543769401 | 1
+77548301555 | 1
+77570925922 | 1
+77581720957 | 1
+77601849509 | 1
+77617907743 | 1
+77640209945 | 1
+77646989791 | 1
+77653887861 | 1
+77666226987 | 1
+77671913913 | 1
+77677775582 | 1
+77691177202 | 1
+77703491474 | 1
+77720914794 | 1
+77761459953 | 1
+77788214734 | 1
+77789589376 | 1
+77790886797 | 1
+77800807140 | 1
+77800970511 | 1
+77818329914 | 1
+77828369569 | 1
+77835917479 | 1
+77856955227 | 1
+77859894256 | 1
+77869290082 | 1
+77906144915 | 1
+77924682071 | 1
+77934072394 | 1
+77941519068 | 1
+77948515338 | 1
+77960212273 | 1
+77969206261 | 1
+77979640623 | 1
+78032543151 | 1
+78063822651 | 1
+78118320839 | 1
+78131091776 | 1
+78193820850 | 1
+78249573011 | 1
+78261584930 | 1
+78304027023 | 1
+78319464493 | 1
+78347592883 | 1
+78352529909 | 1
+78358398241 | 1
+78366485042 | 1
+78368162207 | 1
+78396847470 | 1
+78410043220 | 1
+78416676056 | 1
+78443387617 | 1
+78459634572 | 1
+78468257190 | 1
+78469781080 | 1
+78488044171 | 1
+78489940241 | 1
+78500158060 | 1
+78545385682 | 1
+78585434545 | 1
+78632181267 | 1
+78672540186 | 1
+78726697923 | 1
+78746754330 | 1
+78754235728 | 1
+78782991688 | 1
+78802126884 | 1
+78828652291 | 1
+78839841760 | 1
+78842386428 | 1
+78849119576 | 1
+78865782377 | 1
+78880940822 | 1
+78890773389 | 1
+78900493666 | 1
+78922360959 | 1
+78977710444 | 1
+79007500222 | 1
+79012748908 | 1
+79022738709 | 1
+79031360920 | 1
+79043070323 | 1
+79050561955 | 1
+79067222387 | 1
+79081211945 | 1
+79085159383 | 1
+79089185459 | 1
+79090592447 | 1
+79093276226 | 1
+79114310796 | 1
+79126179011 | 1
+79130575803 | 1
+79162627840 | 1
+79167341535 | 1
+79170087831 | 1
+79187863789 | 1
+79190090901 | 1
+79208386982 | 1
+79211918865 | 1
+79212342714 | 1
+79250068320 | 1
+79252197333 | 1
+79252603439 | 1
+79260504203 | 1
+79268269932 | 1
+79269676237 | 1
+79302284514 | 1
+79309866638 | 1
+79324640917 | 1
+79332360917 | 1
+79408490133 | 1
+79417522942 | 1
+79463375664 | 1
+79505383208 | 1
+79513012058 | 1
+79515193201 | 1
+79523553728 | 1
+79530744849 | 1
+79535890632 | 1
+79572849469 | 1
+79584544603 | 1
+79618450814 | 1
+79667950107 | 1
+79677138364 | 1
+79677301636 | 1
+79684854862 | 1
+79716053113 | 1
+79770085734 | 1
+79801819097 | 1
+79830194504 | 1
+79837313711 | 1
+79855495745 | 1
+79861168101 | 1
+79871959097 | 1
+79876735984 | 1
+79885742207 | 1
+79943357072 | 1
+79984014151 | 1
+80003432151 | 1
+80008586439 | 1
+80014150178 | 1
+80032817330 | 1
+80064566833 | 1
+80070462125 | 1
+80126405400 | 1
+80154164931 | 1
+80197248488 | 1
+80228027511 | 1
+80240095636 | 1
+80248729808 | 1
+80265331564 | 1
+80269667571 | 1
+80277865066 | 1
+80304918849 | 1
+80305203543 | 1
+80320504503 | 1
+80341527892 | 1
+80366483803 | 1
+80382506494 | 1
+80393228080 | 1
+80393561961 | 1
+80415930534 | 1
+80434646682 | 1
+80438603716 | 1
+80454042457 | 1
+80480653107 | 1
+80498129660 | 1
+80519243659 | 1
+80635202495 | 1
+80641463878 | 1
+80653482178 | 1
+80655042483 | 1
+80671150264 | 1
+80671600077 | 1
+80729045631 | 1
+80735346750 | 1
+80831110714 | 1
+80858057390 | 1
+80863128260 | 1
+80902859662 | 1
+80907233292 | 1
+80908946126 | 1
+80914923047 | 1
+80933239210 | 1
+80940346337 | 1
+80993660773 | 1
+81017158092 | 1
+81028900924 | 1
+81038010265 | 1
+81048018211 | 1
+81069447151 | 1
+81091695074 | 1
+81108302384 | 1
+81118833725 | 1
+81141025411 | 1
+81174837955 | 1
+81184437269 | 1
+81203671231 | 1
+81251747381 | 1
+81268165505 | 1
+81305953656 | 1
+81322131608 | 1
+81350586266 | 1
+81363964721 | 1
+81364717312 | 1
+81367813078 | 1
+81370744117 | 1
+81371615126 | 1
+81372897276 | 1
+81373613287 | 1
+81398125092 | 1
+81402395544 | 1
+81413674049 | 1
+81417202141 | 1
+81422882294 | 1
+81455567224 | 1
+81468355091 | 1
+81481873309 | 1
+81515907467 | 1
+81526630779 | 1
+81539379482 | 1
+81546487231 | 1
+81547382199 | 1
+81570587650 | 1
+81594470977 | 1
+81639807387 | 1
+81718202951 | 1
+81720701364 | 1
+81722015054 | 1
+81725855460 | 1
+81772921660 | 1
+81779178774 | 1
+81782375167 | 1
+81798598648 | 1
+81848293842 | 1
+81852886185 | 1
+81876529763 | 1
+81891921316 | 1
+81899748126 | 1
+81901586973 | 1
+81940309438 | 1
+81943397099 | 1
+81992664264 | 1
+82009178427 | 1
+82014021924 | 1
+82016338050 | 1
+82037964816 | 1
+82047268028 | 1
+82054667159 | 1
+82058450928 | 1
+82090742342 | 1
+82114779372 | 1
+82137766673 | 1
+82169662745 | 1
+82170801292 | 1
+82195138830 | 1
+82210397037 | 1
+82223275167 | 1
+82227003243 | 1
+82232371982 | 1
+82253805897 | 1
+82256616086 | 1
+82275318893 | 1
+82285880700 | 1
+82286327214 | 1
+82287362630 | 1
+82287847573 | 1
+82321060835 | 1
+82321375054 | 1
+82325641989 | 1
+82325743196 | 1
+82364292184 | 1
+82395888893 | 1
+82397658000 | 1
+82424229569 | 1
+82425715013 | 1
+82426776436 | 1
+82426792210 | 1
+82432103542 | 1
+82436241874 | 1
+82459294075 | 1
+82473753379 | 1
+82481111583 | 1
+82527080994 | 1
+82533726878 | 1
+82596680194 | 1
+82601826298 | 1
+82608901711 | 1
+82610940267 | 1
+82643395064 | 1
+82658617005 | 1
+82687599173 | 1
+82705147373 | 1
+82710422346 | 1
+82723897887 | 1
+82724107409 | 1
+82754247434 | 1
+82779803271 | 1
+82797065451 | 1
+82804101369 | 1
+82928456341 | 1
+82931984727 | 1
+82939921687 | 1
+82972507971 | 1
+83000385774 | 1
+83014297597 | 1
+83036074275 | 1
+83050050721 | 1
+83050887644 | 1
+83053680060 | 1
+83078984212 | 1
+83083455092 | 1
+83130506770 | 1
+83143370445 | 1
+83173074023 | 1
+83175395542 | 1
+83175495862 | 1
+83236393067 | 1
+83261090731 | 1
+83278362107 | 1
+83314166422 | 1
+83373530434 | 1
+83381821464 | 1
+83401140538 | 1
+83417007798 | 1
+83417175784 | 1
+83426286480 | 1
+83436153603 | 1
+83439873945 | 1
+83449363308 | 1
+83481036173 | 1
+83492220252 | 1
+83518141331 | 1
+83543953537 | 1
+83555647624 | 1
+83570578982 | 1
+83571647843 | 1
+83576838362 | 1
+83619078834 | 1
+83671433875 | 1
+83680756137 | 1
+83689362160 | 1
+83695192468 | 1
+83695815454 | 1
+83696341657 | 1
+83704156633 | 1
+83709923713 | 1
+83738926106 | 1
+83788238317 | 1
+83798332798 | 1
+83837443748 | 1
+83874452866 | 1
+83875993947 | 1
+83889302430 | 1
+83911547050 | 1
+83911967116 | 1
+83912239087 | 1
+83956493772 | 1
+83986951051 | 1
+84041026573 | 1
+84051295581 | 1
+84058527598 | 1
+84094319180 | 1
+84107481424 | 1
+84119004386 | 1
+84125470988 | 1
+84162996117 | 1
+84168875513 | 1
+84175951937 | 1
+84197308960 | 1
+84220920432 | 1
+84229305680 | 1
+84235844101 | 1
+84247049820 | 1
+84258029420 | 1
+84267160043 | 1
+84290786660 | 1
+84295802532 | 1
+84303050271 | 1
+84303112052 | 1
+84317369408 | 1
+84319705418 | 1
+84323037212 | 1
+84337041954 | 1
+84337901059 | 1
+84352563261 | 1
+84364918732 | 1
+84368370961 | 1
+84427277119 | 1
+84431044581 | 1
+84465357355 | 1
+84466060734 | 1
+84500655446 | 1
+84528212221 | 1
+84534108478 | 1
+84551390929 | 1
+84559869909 | 1
+84578368562 | 1
+84589532330 | 1
+84590438087 | 1
+84599297395 | 1
+84599944974 | 1
+84601485600 | 1
+84623950591 | 1
+84653415221 | 1
+84685254576 | 1
+84693039966 | 1
+84698667549 | 1
+84726368207 | 1
+84731500449 | 1
+84735095210 | 1
+84788642270 | 1
+84792912139 | 1
+84824532850 | 1
+84827917757 | 1
+84830508186 | 1
+84840478585 | 1
+84918126832 | 1
+84937480121 | 1
+84955039707 | 1
+84958686455 | 1
+84980194183 | 1
+84981700289 | 1
+84982733982 | 1
+84992519096 | 1
+84993054975 | 1
+84999130277 | 1
+85004074228 | 1
+85042334846 | 1
+85048860404 | 1
+85069664298 | 1
+85071708621 | 1
+85072144235 | 1
+85074846689 | 1
+85089032090 | 1
+85104043714 | 1
+85111655616 | 1
+85120717188 | 1
+85152691944 | 1
+85166277993 | 1
+85170947406 | 1
+85172005869 | 1
+85180783914 | 1
+85201722251 | 1
+85212733744 | 1
+85233911170 | 1
+85234815938 | 1
+85235409399 | 1
+85235566549 | 1
+85238652503 | 1
+85246884957 | 1
+85272116248 | 1
+85274394067 | 1
+85314258170 | 1
+85337061570 | 1
+85347027065 | 1
+85348251739 | 1
+85384996123 | 1
+85424137377 | 1
+85424276647 | 1
+85445860310 | 1
+85472916857 | 1
+85479001691 | 1
+85519714406 | 1
+85524374105 | 1
+85552172006 | 1
+85569901939 | 1
+85572216864 | 1
+85583000696 | 1
+85586418215 | 1
+85635797084 | 1
+85635926012 | 1
+85645568775 | 1
+85696764500 | 1
+85793923965 | 1
+85816872249 | 1
+85825943707 | 1
+85834532014 | 1
+85851718260 | 1
+85856508813 | 1
+85880071585 | 1
+85896999828 | 1
+85908777258 | 1
+85910132958 | 1
+85918172698 | 1
+85936768817 | 1
+85977505891 | 1
+85977530158 | 1
+85988093371 | 1
+85989473536 | 1
+86021389913 | 1
+86067185848 | 1
+86073931697 | 1
+86085703425 | 1
+86090220478 | 1
+86096469301 | 1
+86099750207 | 1
+86133676266 | 1
+86171701477 | 1
+86172825638 | 1
+86182604745 | 1
+86192746220 | 1
+86192866329 | 1
+86238139422 | 1
+86282356884 | 1
+86284630372 | 1
+86304171908 | 1
+86307073170 | 1
+86317871737 | 1
+86338977688 | 1
+86374408409 | 1
+86375686120 | 1
+86387882398 | 1
+86394197227 | 1
+86410910310 | 1
+86461247611 | 1
+86480337174 | 1
+86481122814 | 1
+86498781048 | 1
+86508515648 | 1
+86545345127 | 1
+86545936170 | 1
+86558762965 | 1
+86584973252 | 1
+86602179641 | 1
+86606234607 | 1
+86606980293 | 1
+86625566810 | 1
+86660766307 | 1
+86665439324 | 1
+86686677763 | 1
+86692421608 | 1
+86692751433 | 1
+86696666042 | 1
+86699038287 | 1
+86708627234 | 1
+86711143628 | 1
+86773864541 | 1
+86775574407 | 1
+86785044472 | 1
+86790939946 | 1
+86795503039 | 1
+86804236183 | 1
+86814362712 | 1
+86862225699 | 1
+86874554473 | 1
+86886498054 | 1
+86902849914 | 1
+86929424818 | 1
+86938219800 | 1
+86940022773 | 1
+86947644970 | 1
+86959329007 | 1
+86974149069 | 1
+87007907423 | 1
+87026423053 | 1
+87028105733 | 1
+87035484166 | 1
+87036370871 | 1
+87089085326 | 1
+87104907418 | 1
+87130321482 | 1
+87177154275 | 1
+87190897368 | 1
+87191335431 | 1
+87223930990 | 1
+87223952291 | 1
+87227508292 | 1
+87249743650 | 1
+87250007597 | 1
+87256668917 | 1
+87352920020 | 1
+87363433415 | 1
+87365232468 | 1
+87376024178 | 1
+87380857273 | 1
+87387562103 | 1
+87407523295 | 1
+87438155197 | 1
+87439257664 | 1
+87440221548 | 1
+87476342570 | 1
+87492835488 | 1
+87510990099 | 1
+87517411741 | 1
+87545156558 | 1
+87555041336 | 1
+87556842215 | 1
+87560315967 | 1
+87574464379 | 1
+87585550915 | 1
+87632540282 | 1
+87652924965 | 1
+87683888037 | 1
+87697909651 | 1
+87715455568 | 1
+87726776962 | 1
+87737815773 | 1
+87759938786 | 1
+87761526966 | 1
+87769332789 | 1
+87831767702 | 1
+87846705436 | 1
+87862584951 | 1
+87876085219 | 1
+87881062795 | 1
+87886929917 | 1
+87892339410 | 1
+87893799647 | 1
+87897547191 | 1
+87898008799 | 1
+87899561023 | 1
+87905343073 | 1
+87919711159 | 1
+87921619242 | 1
+87932821702 | 1
+87978680595 | 1
+87986579592 | 1
+87989057408 | 1
+88024132890 | 1
+88030684793 | 1
+88031207102 | 1
+88041626007 | 1
+88059502982 | 1
+88063725156 | 1
+88109609490 | 1
+88118487258 | 1
+88133300166 | 1
+88139236964 | 1
+88161024661 | 1
+88165516236 | 1
+88170828822 | 1
+88173936346 | 1
+88238551564 | 1
+88242619024 | 1
+88253374369 | 1
+88285215555 | 1
+88289465287 | 1
+88323310255 | 1
+88341494228 | 1
+88344470927 | 1
+88378737240 | 1
+88387171775 | 1
+88406391890 | 1
+88413380037 | 1
+88413606546 | 1
+88440652348 | 1
+88442307916 | 1
+88477975943 | 1
+88494556508 | 1
+88506731674 | 1
+88528851546 | 1
+88529148936 | 1
+88542649520 | 1
+88557004619 | 1
+88560855878 | 1
+88560895540 | 1
+88575919432 | 1
+88610440882 | 1
+88631303926 | 1
+88631594795 | 1
+88642571730 | 1
+88657595168 | 1
+88677657212 | 1
+88685804347 | 1
+88688823062 | 1
+88723045584 | 1
+88731331725 | 1
+88756093046 | 1
+88794236048 | 1
+88832212196 | 1
+88856686876 | 1
+88873781635 | 1
+88930890959 | 1
+88939256102 | 1
+88940166513 | 1
+88945126223 | 1
+88960100534 | 1
+88981790644 | 1
+89008386688 | 1
+89009880496 | 1
+89016274474 | 1
+89018615445 | 1
+89040928742 | 1
+89052651331 | 1
+89075331211 | 1
+89094311179 | 1
+89102469522 | 1
+89120708802 | 1
+89120931471 | 1
+89129092902 | 1
+89129413226 | 1
+89137443409 | 1
+89141123507 | 1
+89141141146 | 1
+89192073426 | 1
+89197088782 | 1
+89245390123 | 1
+89284409951 | 1
+89289647455 | 1
+89303480014 | 1
+89313543110 | 1
+89329620224 | 1
+89333616285 | 1
+89353509181 | 1
+89356962026 | 1
+89377732862 | 1
+89478789571 | 1
+89497173472 | 1
+89505791031 | 1
+89575652162 | 1
+89601436766 | 1
+89602008402 | 1
+89602510673 | 1
+89604438752 | 1
+89609620119 | 1
+89651563877 | 1
+89675023121 | 1
+89699784800 | 1
+89715952160 | 1
+89734337230 | 1
+89741731644 | 1
+89766702444 | 1
+89778410619 | 1
+89779865530 | 1
+89782851303 | 1
+89791010620 | 1
+89821612738 | 1
+89822643968 | 1
+89841338081 | 1
+89879390897 | 1
+89879899312 | 1
+89888424676 | 1
+89922243111 | 1
+89956019285 | 1
+89982654339 | 1
+89985402470 | 1
+89988239523 | 1
+90000332576 | 1
+90036475363 | 1
+90077809444 | 1
+90121723916 | 1
+90157449497 | 1
+90166467927 | 1
+90173125857 | 1
+90179863051 | 1
+90191487948 | 1
+90196961871 | 1
+90197500222 | 1
+90208762602 | 1
+90235297593 | 1
+90272747929 | 1
+90328143326 | 1
+90343862604 | 1
+90349719575 | 1
+90370242007 | 1
+90392532863 | 1
+90408935701 | 1
+90436108127 | 1
+90438930066 | 1
+90453753254 | 1
+90478225819 | 1
+90502617400 | 1
+90504339335 | 1
+90506118984 | 1
+90517538669 | 1
+90527329160 | 1
+90535595549 | 1
+90551742724 | 1
+90591185183 | 1
+90613799020 | 1
+90639748536 | 1
+90646931957 | 1
+90670972306 | 1
+90682986575 | 1
+90717360670 | 1
+90723303612 | 1
+90744382464 | 1
+90770518993 | 1
+90776171926 | 1
+90777593239 | 1
+90792664440 | 1
+90825638362 | 1
+90838875595 | 1
+90864410524 | 1
+90876713118 | 1
+90882803373 | 1
+90899517736 | 1
+90905694219 | 1
+90920115805 | 1
+90921304739 | 1
+90945784389 | 1
+90945926598 | 1
+90970110674 | 1
+90985769313 | 1
+91011245505 | 1
+91014234136 | 1
+91036003021 | 1
+91037475080 | 1
+91044957716 | 1
+91053634039 | 1
+91057651247 | 1
+91082108893 | 1
+91087555522 | 1
+91087908240 | 1
+91155587600 | 1
+91162015408 | 1
+91186932002 | 1
+91191516063 | 1
+91204418690 | 1
+91252523934 | 1
+91266186720 | 1
+91270082644 | 1
+91270665766 | 1
+91298921044 | 1
+91326206888 | 1
+91333156920 | 1
+91345788003 | 1
+91359352677 | 1
+91361022330 | 1
+91414941838 | 1
+91428699638 | 1
+91431086037 | 1
+91456629274 | 1
+91471145904 | 1
+91483710009 | 1
+91553864839 | 1
+91571881791 | 1
+91594355065 | 1
+91621866006 | 1
+91651636465 | 1
+91659210148 | 1
+91672178867 | 1
+91675274180 | 1
+91702511632 | 1
+91779132418 | 1
+91781371105 | 1
+91805093557 | 1
+91815354424 | 1
+91818001409 | 1
+91835658637 | 1
+91899607605 | 1
+91934782940 | 1
+91961003651 | 1
+91978301208 | 1
+91980369734 | 1
+92056676724 | 1
+92071898782 | 1
+92087179107 | 1
+92091787487 | 1
+92120396134 | 1
+92149666374 | 1
+92150043640 | 1
+92174359279 | 1
+92178724732 | 1
+92182642918 | 1
+92189569512 | 1
+92192478671 | 1
+92206751137 | 1
+92212111563 | 1
+92227531016 | 1
+92231804460 | 1
+92267221736 | 1
+92284615956 | 1
+92293640554 | 1
+92327702229 | 1
+92343738160 | 1
+92343914946 | 1
+92355443589 | 1
+92357937192 | 1
+92360604629 | 1
+92377346831 | 1
+92384308217 | 1
+92393723274 | 1
+92395839475 | 1
+92401855450 | 1
+92448186244 | 1
+92465663531 | 1
+92467077075 | 1
+92488152752 | 1
+92512145362 | 1
+92546593778 | 1
+92570686837 | 1
+92611696919 | 1
+92616580793 | 1
+92621185923 | 1
+92626062225 | 1
+92652889431 | 1
+92671866547 | 1
+92682475514 | 1
+92698744846 | 1
+92729920865 | 1
+92740603202 | 1
+92756359670 | 1
+92777404858 | 1
+92790586855 | 1
+92803069202 | 1
+92832843838 | 1
+92839346659 | 1
+92858693695 | 1
+92880152842 | 1
+92931926194 | 1
+92936557002 | 1
+92946019194 | 1
+92954231810 | 1
+92971582720 | 1
+92973218261 | 1
+92980133418 | 1
+92985304027 | 1
+92988253743 | 1
+92998306538 | 1
+93000697560 | 1
+93010025007 | 1
+93030192505 | 1
+93072638526 | 1
+93167486553 | 1
+93184510394 | 1
+93189741104 | 1
+93204405876 | 1
+93206471793 | 1
+93239656920 | 1
+93262528594 | 1
+93296393671 | 1
+93354250484 | 1
+93359813937 | 1
+93375250822 | 1
+93379740175 | 1
+93384039559 | 1
+93389998707 | 1
+93445875094 | 1
+93468083224 | 1
+93470049934 | 1
+93474054655 | 1
+93479558610 | 1
+93526392648 | 1
+93531863454 | 1
+93538189587 | 1
+93564432745 | 1
+93584604057 | 1
+93601410401 | 1
+93644397865 | 1
+93704657279 | 1
+93722748427 | 1
+93729020659 | 1
+93731565670 | 1
+93772912684 | 1
+93820563320 | 1
+93850743473 | 1
+93859516839 | 1
+93906322609 | 1
+93922145051 | 1
+93927369774 | 1
+94013754453 | 1
+94021077647 | 1
+94031109953 | 1
+94064812087 | 1
+94067919794 | 1
+94086697393 | 1
+94089542199 | 1
+94093197776 | 1
+94103732318 | 1
+94124138601 | 1
+94127723355 | 1
+94162127023 | 1
+94162644383 | 1
+94169142223 | 1
+94175293059 | 1
+94216625892 | 1
+94219882955 | 1
+94261092072 | 1
+94275351144 | 1
+94281760623 | 1
+94298715286 | 1
+94306548898 | 1
+94370702674 | 1
+94375551263 | 1
+94379088764 | 1
+94384100863 | 1
+94387691754 | 1
+94389640802 | 1
+94406805516 | 1
+94410637846 | 1
+94417693216 | 1
+94427648984 | 1
+94434033005 | 1
+94438857652 | 1
+94449993032 | 1
+94465888202 | 1
+94488867104 | 1
+94497286568 | 1
+94521817861 | 1
+94546327114 | 1
+94586016550 | 1
+94597304206 | 1
+94654703609 | 1
+94655054764 | 1
+94690415365 | 1
+94695315875 | 1
+94702377642 | 1
+94729376359 | 1
+94732945429 | 1
+94796642391 | 1
+94799164867 | 1
+94799691595 | 1
+94813063810 | 1
+94832700756 | 1
+94843212644 | 1
+94922231579 | 1
+94952709636 | 1
+94959724367 | 1
+94975498379 | 1
+94979826030 | 1
+94982279575 | 1
+94988531466 | 1
+94991540943 | 1
+94991932690 | 1
+95008869135 | 1
+95009979684 | 1
+95048790717 | 1
+95062213292 | 1
+95082092660 | 1
+95083267698 | 1
+95136278696 | 1
+95148302588 | 1
+95151614488 | 1
+95151815342 | 1
+95164520262 | 1
+95166550429 | 1
+95176571526 | 1
+95185150783 | 1
+95230338733 | 1
+95240393087 | 1
+95282227522 | 1
+95283364235 | 1
+95295762245 | 1
+95297080938 | 1
+95313878541 | 1
+95320516644 | 1
+95321972516 | 1
+95329958320 | 1
+95349613303 | 1
+95349767266 | 1
+95357722797 | 1
+95389406159 | 1
+95390792256 | 1
+95430210314 | 1
+95435202594 | 1
+95452704114 | 1
+95485898198 | 1
+95505546574 | 1
+95510537174 | 1
+95513716557 | 1
+95564600068 | 1
+95568192078 | 1
+95585732686 | 1
+95609203545 | 1
+95636129559 | 1
+95644583064 | 1
+95647990256 | 1
+95698992837 | 1
+95709619663 | 1
+95715907540 | 1
+95716054081 | 1
+95734091951 | 1
+95749991926 | 1
+95754140395 | 1
+95763928656 | 1
+95789451620 | 1
+95802712314 | 1
+95806561086 | 1
+95826099407 | 1
+95842821347 | 1
+95857207947 | 1
+95861406145 | 1
+95876501795 | 1
+95884087418 | 1
+95923695443 | 1
+95931791726 | 1
+95936593184 | 1
+95973367345 | 1
+95988849911 | 1
+96031447550 | 1
+96034168059 | 1
+96046039780 | 1
+96048339243 | 1
+96072127736 | 1
+96072901255 | 1
+96124410863 | 1
+96126233763 | 1
+96150886370 | 1
+96153738173 | 1
+96167923321 | 1
+96174537373 | 1
+96212800004 | 1
+96219460471 | 1
+96269257156 | 1
+96281541923 | 1
+96310016076 | 1
+96324775612 | 1
+96328154541 | 1
+96359574247 | 1
+96374329155 | 1
+96388015994 | 1
+96408937150 | 1
+96414792979 | 1
+96428986548 | 1
+96438752523 | 1
+96456209719 | 1
+96458659252 | 1
+96460790928 | 1
+96463570244 | 1
+96466368716 | 1
+96488867759 | 1
+96492079122 | 1
+96512786342 | 1
+96517441286 | 1
+96537102307 | 1
+96568025043 | 1
+96617802214 | 1
+96618445452 | 1
+96624522853 | 1
+96625250468 | 1
+96634965277 | 1
+96645824127 | 1
+96662672696 | 1
+96678416241 | 1
+96693889949 | 1
+96693968540 | 1
+96695142653 | 1
+96707164556 | 1
+96721506893 | 1
+96723070816 | 1
+96737969361 | 1
+96764996436 | 1
+96793505504 | 1
+96794917736 | 1
+96798981676 | 1
+96806018289 | 1
+96846739565 | 1
+96857467236 | 1
+96858001462 | 1
+96867600771 | 1
+96868949993 | 1
+96881483702 | 1
+96896466221 | 1
+96918165373 | 1
+96942717658 | 1
+96944890756 | 1
+96976435571 | 1
+96981031875 | 1
+97000872484 | 1
+97032585426 | 1
+97059568030 | 1
+97090012125 | 1
+97101994096 | 1
+97111495115 | 1
+97117632900 | 1
+97136078822 | 1
+97147088340 | 1
+97154103890 | 1
+97156987309 | 1
+97165719987 | 1
+97166249562 | 1
+97184235201 | 1
+97208225668 | 1
+97214776904 | 1
+97216781250 | 1
+97247930599 | 1
+97251360423 | 1
+97280759676 | 1
+97289361036 | 1
+97295098707 | 1
+97297289566 | 1
+97323129832 | 1
+97358753368 | 1
+97360608559 | 1
+97394424527 | 1
+97406393664 | 1
+97428861420 | 1
+97452097621 | 1
+97465176994 | 1
+97504789356 | 1
+97513967244 | 1
+97526822353 | 1
+97540756755 | 1
+97542987020 | 1
+97549324700 | 1
+97565879996 | 1
+97565999908 | 1
+97586977724 | 1
+97598999286 | 1
+97610925099 | 1
+97616558408 | 1
+97618159998 | 1
+97681359404 | 1
+97711577921 | 1
+97732510396 | 1
+97733499018 | 1
+97791973487 | 1
+97805008697 | 1
+97817012656 | 1
+97821578685 | 1
+97921517900 | 1
+97929881429 | 1
+97943259867 | 1
+97951410507 | 1
+97968341608 | 1
+97979701370 | 1
+97982941404 | 1
+98046255220 | 1
+98102114691 | 1
+98121772479 | 1
+98161195157 | 1
+98169194754 | 1
+98180610593 | 1
+98187519783 | 1
+98201049977 | 1
+98223141698 | 1
+98233629517 | 1
+98259514861 | 1
+98266457399 | 1
+98271598793 | 1
+98301895329 | 1
+98346267516 | 1
+98348807757 | 1
+98381522527 | 1
+98388447099 | 1
+98393323084 | 1
+98523531892 | 1
+98534833295 | 1
+98614779339 | 1
+98622614514 | 1
+98642243028 | 1
+98694010135 | 1
+98729426913 | 1
+98743567902 | 1
+98793112730 | 1
+98796819478 | 1
+98835411535 | 1
+98837368320 | 1
+98847671914 | 1
+98858473605 | 1
+98864379649 | 1
+98881177435 | 1
+98881532932 | 1
+98887263526 | 1
+98894129505 | 1
+98908275614 | 1
+98919839861 | 1
+98925049321 | 1
+98945123421 | 1
+98946982564 | 1
+98995544858 | 1
+99020745298 | 1
+99034800024 | 1
+99058125507 | 1
+99106754796 | 1
+99134198464 | 1
+99135265416 | 1
+99146683770 | 1
+99154322376 | 1
+99154394079 | 1
+99158722290 | 1
+99201004267 | 1
+99206389033 | 1
+99265852093 | 1
+99290064291 | 1
+99312865598 | 1
+99332852924 | 1
+99372727453 | 1
+99427530005 | 1
+99447030205 | 1
+99447455111 | 1
+99494075065 | 1
+99497199219 | 1
+99507109807 | 1
+99508400906 | 1
+99520954401 | 1
+99529386133 | 1
+99532113410 | 1
+99537448740 | 1
+99537574112 | 1
+99557243791 | 1
+99557614890 | 1
+99568461019 | 1
+99573840481 | 1
+99602923911 | 1
+99605313329 | 1
+99619691907 | 1
+99636428071 | 1
+99640216040 | 1
+99640915495 | 1
+99743938702 | 1
+99757769329 | 1
+99813646712 | 1
+99821648886 | 1
+99847082031 | 1
+99855039860 | 1
+99895402913 | 1
+99904503605 | 1
+99951801136 | 1
+99979049411 | 1
+99985550896 | 1
